# y,pred_rnn_a,pred_rnn_b,pred_rnn_c,pred_cnn_a,pred_cnn_b,pred_cnn_c,pred_as01_a,pred_as01_b,pred_as01_c,pred_as02_a,pred_as02_b,pred_as02_c,pred_lstm_a,pred_adaptive_mixture
0.6212,0.6212000250816345,0.6212000250816345,0.6212000250816345,0.6212000250816345,0.6212000250816345,0.6212000250816345,0.6212000250816345,0.6212000250816345,0.6212000250816345,0.6212000250816345,0.6212000250816345,0.6212000250816345,0.6212000250816345,0.6212000250816345
0.6212,0.6212000250816345,0.6212000250816345,0.6212000250816345,0.6212000250816345,0.6212000250816345,0.6212000250816345,0.6212000250816345,0.6212000250816345,0.6212000250816345,0.6212000250816345,0.6212000250816345,0.6212000250816345,0.6212000250816345,0.6212000250816345
0.5152,0.5152000188827515,0.5152000188827515,0.5152000188827515,0.5152000188827515,0.5152000188827515,0.5152000188827515,0.5152000188827515,0.5152000188827515,0.5152000188827515,0.5152000188827515,0.5152000188827515,0.5152000188827515,0.5152000188827515,0.5152000188827515
0.5,0.5,0.5,0.5,0.5,0.5,0.5,0.5,0.5,0.5,0.5,0.5,0.5,0.5,0.5
0.4697,0.46970000863075256,0.46970000863075256,0.46970000863075256,0.46970000863075256,0.46970000863075256,0.46970000863075256,0.46970000863075256,0.46970000863075256,0.46970000863075256,0.46970000863075256,0.46970000863075256,0.46970000863075256,0.46970000863075256,0.46970000863075256
0.4697,0.46970000863075256,0.46970000863075256,0.46970000863075256,0.46970000863075256,0.46970000863075256,0.46970000863075256,0.46970000863075256,0.46970000863075256,0.46970000863075256,0.46970000863075256,0.46970000863075256,0.46970000863075256,0.46970000863075256,0.46970000863075256
0.4545,0.4544999897480011,0.4544999897480011,0.4544999897480011,0.4544999897480011,0.4544999897480011,0.4544999897480011,0.4544999897480011,0.4544999897480011,0.4544999897480011,0.4544999897480011,0.4544999897480011,0.4544999897480011,0.4544999897480011,0.4544999897480011
0.4394,0.43939998745918274,0.43939998745918274,0.43939998745918274,0.43939998745918274,0.43939998745918274,0.43939998745918274,0.43939998745918274,0.43939998745918274,0.43939998745918274,0.43939998745918274,0.43939998745918274,0.43939998745918274,0.43939998745918274,0.43939998745918274
0.4394,0.43939998745918274,0.43939998745918274,0.43939998745918274,0.43939998745918274,0.43939998745918274,0.43939998745918274,0.43939998745918274,0.43939998745918274,0.43939998745918274,0.43939998745918274,0.43939998745918274,0.43939998745918274,0.43939998745918274,0.43939998745918274
0.4394,0.43939998745918274,0.43939998745918274,0.43939998745918274,0.43939998745918274,0.43939998745918274,0.43939998745918274,0.43939998745918274,0.43939998745918274,0.43939998745918274,0.43939998745918274,0.43939998745918274,0.43939998745918274,0.43939998745918274,0.43939998745918274
0.4394,0.43939998745918274,0.43939998745918274,0.43939998745918274,0.43939998745918274,0.43939998745918274,0.43939998745918274,0.43939998745918274,0.43939998745918274,0.43939998745918274,0.43939998745918274,0.43939998745918274,0.43939998745918274,0.43939998745918274,0.43939998745918274
0.4242,0.42419999837875366,0.42419999837875366,0.42419999837875366,0.42419999837875366,0.42419999837875366,0.42419999837875366,0.42419999837875366,0.42419999837875366,0.42419999837875366,0.42419999837875366,0.42419999837875366,0.42419999837875366,0.42419999837875366,0.42419999837875366
0.4394,0.43939998745918274,0.43939998745918274,0.43939998745918274,0.43939998745918274,0.43939998745918274,0.43939998745918274,0.43939998745918274,0.43939998745918274,0.43939998745918274,0.43939998745918274,0.43939998745918274,0.43939998745918274,0.43939998745918274,0.43939998745918274
0.4394,0.43939998745918274,0.43939998745918274,0.43939998745918274,0.43939998745918274,0.43939998745918274,0.43939998745918274,0.43939998745918274,0.43939998745918274,0.43939998745918274,0.43939998745918274,0.43939998745918274,0.43939998745918274,0.43939998745918274,0.43939998745918274
0.4394,0.43939998745918274,0.43939998745918274,0.43939998745918274,0.43939998745918274,0.43939998745918274,0.43939998745918274,0.43939998745918274,0.43939998745918274,0.43939998745918274,0.43939998745918274,0.43939998745918274,0.43939998745918274,0.43939998745918274,0.43939998745918274
0.4394,0.3339247405529022,0.4338414669036865,0.47589826583862305,0.4860304594039917,0.5368949174880981,0.5790213942527771,0.416199654340744,0.481190025806427,0.38508573174476624,0.48799628019332886,0.3296206593513489,0.46425890922546387,0.4196242094039917,-0.10767648369073868
0.4242,0.33553043007850647,0.4360141456127167,0.4802408218383789,0.6903390288352966,0.6229050159454346,0.43965280055999756,0.4230165481567383,0.48473989963531494,0.40541142225265503,0.4879222512245178,0.3283325135707855,0.463966429233551,0.4187193214893341,-0.10767648369073868
0.4242,0.32935523986816406,0.4235285818576813,0.4616484045982361,0.6210774183273315,0.6783918142318726,0.515800416469574,0.4299224019050598,0.4857025146484375,0.42434579133987427,0.4878374934196472,0.32690179347991943,0.4635980427265167,0.41781988739967346,-0.10767648369073868
0.4091,0.32398152351379395,0.41758084297180176,0.4513416886329651,0.5282801985740662,0.49477067589759827,0.5153970718383789,0.43129274249076843,0.48414021730422974,0.4202326834201813,0.4877946972846985,0.32622817158699036,0.46344026923179626,0.41734325885772705,-0.10767648369073868
0.4242,0.31800225377082825,0.405632346868515,0.43916064500808716,0.5328084826469421,0.6109112501144409,0.3799346089363098,0.4307675063610077,0.4799560308456421,0.4102383255958557,0.4877568483352661,0.32559892535209656,0.46327275037765503,0.4169055223464966,-0.10767648369073868
0.4242,0.3258393406867981,0.4091103672981262,0.44425255060195923,0.5264995694160461,0.5708327293395996,0.4388126730918884,0.43015748262405396,0.47759824991226196,0.40542834997177124,0.4877285957336426,0.32526203989982605,0.46321871876716614,0.4166772961616516,-0.10767648369073868
0.4242,0.32227933406829834,0.41053152084350586,0.44362443685531616,0.5518609285354614,0.499619722366333,0.48059532046318054,0.4304216802120209,0.4756345748901367,0.4029580056667328,0.48771050572395325,0.32498469948768616,0.46308717131614685,0.416439414024353,-0.10767648369073868
0.4394,0.32103419303894043,0.4106142222881317,0.4426667094230652,0.5440653562545776,0.43822628259658813,0.5353608131408691,0.4303123950958252,0.4744360148906708,0.3982134759426117,0.48769503831863403,0.3247726261615753,0.4630610942840576,0.4163359999656677,-0.10767648369073868
0.4394,0.3289509415626526,0.4200647473335266,0.4549563527107239,0.5032365918159485,0.48871877789497375,0.386486679315567,0.4317636489868164,0.4762665033340454,0.3992646038532257,0.48769277334213257,0.32480475306510925,0.46303313970565796,0.4162927567958832,-0.10767648369073868
0.4242,0.3295167088508606,0.4235823154449463,0.4609679579734802,0.5750333070755005,0.530880331993103,0.5214110016822815,0.4332330524921417,0.4786469638347626,0.40055567026138306,0.48769861459732056,0.3248429000377655,0.46303653717041016,0.41634583473205566,-0.10767648369073868
0.4091,0.3247426152229309,0.41519415378570557,0.44880902767181396,0.5214881300926208,0.6370294094085693,0.4807930886745453,0.43306732177734375,0.47896531224250793,0.3962661027908325,0.4876948297023773,0.3246564269065857,0.4630450904369354,0.4162067770957947,-0.10767648369073868
0.4091,0.31986290216445923,0.402512788772583,0.43722087144851685,0.5054646134376526,0.5843629837036133,0.48984092473983765,0.4311540126800537,0.47650861740112305,0.386405348777771,0.4876835346221924,0.32441839575767517,0.4629723131656647,0.41607075929641724,-0.10767648369073868
0.4091,0.31991881132125854,0.39831018447875977,0.43216490745544434,0.5537751913070679,0.48210665583610535,0.5320181846618652,0.42853689193725586,0.4740981459617615,0.3795640766620636,0.4876725673675537,0.3243263065814972,0.462943971157074,0.41602271795272827,-0.10767648369073868
0.4091,0.3138805031776428,0.39486032724380493,0.42460042238235474,0.4555368423461914,0.5728058815002441,0.428010493516922,0.42648905515670776,0.47049182653427124,0.37354645133018494,0.4876546859741211,0.32410192489624023,0.46285879611968994,0.415818452835083,-0.10767648369073868
0.4091,0.3137088418006897,0.39676108956336975,0.42643898725509644,0.5233215689659119,0.5374746322631836,0.4754523038864136,0.4247910976409912,0.46716293692588806,0.3682471811771393,0.48763781785964966,0.32391080260276794,0.4628269076347351,0.4157279431819916,-0.10767648369073868
0.3939,0.3178442120552063,0.3966696262359619,0.4268351197242737,0.5515945553779602,0.4987143576145172,0.43670064210891724,0.42363354563713074,0.4643552601337433,0.36401715874671936,0.4876211881637573,0.32370659708976746,0.4627689719200134,0.4155671000480652,-0.10767648369073868
0.3939,0.31250661611557007,0.38878828287124634,0.41938281059265137,0.44977664947509766,0.5154027342796326,0.470451682806015,0.42132169008255005,0.46017342805862427,0.35658952593803406,0.48760032653808594,0.3233884871006012,0.46266230940818787,0.4153989851474762,-0.10767648369073868
0.3485,0.30880558490753174,0.3862064480781555,0.4148508906364441,0.470716655254364,0.5166482329368591,0.40751925110816956,0.418758749961853,0.4571928381919861,0.349972128868103,0.4875875413417816,0.32316645979881287,0.4626240134239197,0.41520506143569946,-0.10767648369073868
0.3939,0.29836177825927734,0.36216825246810913,0.3902554214000702,0.49700838327407837,0.5406678915023804,0.30665653944015503,0.4121546745300293,0.4510059356689453,0.33463984727859497,0.4875580966472626,0.3225955367088318,0.46249085664749146,0.4147885739803314,-0.10767648369073868
0.3333,0.3123757243156433,0.3759104311466217,0.4095604419708252,0.4723052978515625,0.4608615040779114,0.38669848442077637,0.4095158576965332,0.4498306214809418,0.3303194046020508,0.48753687739372253,0.32248160243034363,0.4624648094177246,0.41466575860977173,-0.10767648369073868
0.3333,0.2926464080810547,0.35929691791534424,0.3823081851005554,0.6100568771362305,0.5121715664863586,0.3035939931869507,0.40281087160110474,0.4441414475440979,0.31691545248031616,0.4875072240829468,0.3219214975833893,0.4622237980365753,0.4142155051231384,-0.10767648369073868
0.3485,0.288221538066864,0.34774231910705566,0.367354154586792,0.39126625657081604,0.5823278427124023,0.4419266879558563,0.39616408944129944,0.4387149512767792,0.30597296357154846,0.4874444901943207,0.3211440145969391,0.4621254801750183,0.4137711524963379,-0.10767648369073868
0.3333,0.2964359521865845,0.35724931955337524,0.38174599409103394,0.4182881712913513,0.4071868658065796,0.37354668974876404,0.39163368940353394,0.434539794921875,0.30084776878356934,0.4874075651168823,0.32083436846733093,0.4618493318557739,0.41341710090637207,-0.10767648369073868
0.3182,0.2862638533115387,0.3475435972213745,0.3703886866569519,0.44333696365356445,0.41283658146858215,0.3634083867073059,0.3868749737739563,0.42949819564819336,0.30048131942749023,0.4873591363430023,0.32008400559425354,0.4617137908935547,0.41291871666908264,-0.10767648369073868
0.3485,0.2821298837661743,0.3399266004562378,0.35730642080307007,0.39789581298828125,0.4950501024723053,0.32995209097862244,0.38209548592567444,0.4248581826686859,0.29948854446411133,0.4872961640357971,0.3191394507884979,0.46149078011512756,0.41218987107276917,-0.10767648369073868
0.3333,0.29050081968307495,0.34375664591789246,0.3720813989639282,0.33992671966552734,0.4616186320781708,0.28957751393318176,0.38007286190986633,0.42205381393432617,0.3024417459964752,0.4872673451900482,0.3187892735004425,0.46130886673927307,0.4119008481502533,-0.10767648369073868
0.3485,0.2912909984588623,0.33887779712677,0.3624754250049591,0.5231334567070007,0.49537545442581177,0.4542841911315918,0.3773181438446045,0.41951984167099,0.30238616466522217,0.48722755908966064,0.3182750642299652,0.4611542224884033,0.41148102283477783,-0.10767648369073868
0.3939,0.2816365361213684,0.3392268419265747,0.35971248149871826,0.4098778963088989,0.3969619870185852,0.3876308798789978,0.37647315859794617,0.41762587428092957,0.30422264337539673,0.48719683289527893,0.31779375672340393,0.4610004127025604,0.4111013412475586,-0.10767648369073868
0.3939,0.3034701347351074,0.3698803186416626,0.40177595615386963,0.4232054352760315,0.4487418830394745,0.3923131227493286,0.3800871670246124,0.41934168338775635,0.3114664852619171,0.4871944785118103,0.3179329037666321,0.4609970450401306,0.4111703336238861,-0.10767648369073868
0.4091,0.30805811285972595,0.36764949560165405,0.4000158905982971,0.4900747537612915,0.5040020942687988,0.47748851776123047,0.38443493843078613,0.4216760993003845,0.3185485005378723,0.4871894121170044,0.3177550733089447,0.4609464406967163,0.4109552502632141,-0.10767648369073868
0.4242,0.30882543325424194,0.3839499056339264,0.4152752161026001,0.5665552020072937,0.4546911418437958,0.45267242193222046,0.39045456051826477,0.42573484778404236,0.32717186212539673,0.4871900975704193,0.3177483379840851,0.4609487056732178,0.41114646196365356,-0.10767648369073868
0.4242,0.31019318103790283,0.3922836184501648,0.42563360929489136,0.4702757000923157,0.6155604124069214,0.46014174818992615,0.3975115120410919,0.4319670796394348,0.33348846435546875,0.4872228503227234,0.3180626332759857,0.46103766560554504,0.4112612009048462,-0.10767648369073868
0.4242,0.32142770290374756,0.38942286372184753,0.4227794408798218,0.47982537746429443,0.5089054703712463,0.4973256289958954,0.40393975377082825,0.43778955936431885,0.3400252163410187,0.48723143339157104,0.3181736171245575,0.4611073136329651,0.411455363035202,-0.10767648369073868
0.4242,0.31183135509490967,0.39465880393981934,0.4250467121601105,0.5689659118652344,0.6461951732635498,0.5097007751464844,0.409546822309494,0.44411060214042664,0.340427964925766,0.48727700114250183,0.3186325430870056,0.4612793028354645,0.41184741258621216,-0.10767648369073868
0.4242,0.3126143217086792,0.39073646068573,0.41894662380218506,0.512542188167572,0.5668381452560425,0.5331070423126221,0.41475385427474976,0.44767317175865173,0.34476563334465027,0.4873000383377075,0.31884774565696716,0.46139711141586304,0.41204673051834106,-0.10767648369073868
0.4242,0.3190693259239197,0.3860776126384735,0.41457438468933105,0.5230891704559326,0.4825466573238373,0.45390504598617554,0.4188458323478699,0.45190462470054626,0.3437497615814209,0.48733335733413696,0.3193827271461487,0.46154940128326416,0.412467896938324,-0.10767648369073868
0.4242,0.3110567629337311,0.3922499418258667,0.4189821481704712,0.5313494205474854,0.6040778160095215,0.4886167049407959,0.42241907119750977,0.45523858070373535,0.34397363662719727,0.4873781204223633,0.32001253962516785,0.4617232084274292,0.4130311608314514,-0.10767648369073868
0.4091,0.3117111623287201,0.3923678398132324,0.41808706521987915,0.5746265649795532,0.576094388961792,0.5411575436592102,0.4253329932689667,0.4576722979545593,0.3451198935508728,0.4874172508716583,0.3205224871635437,0.4619293510913849,0.41335803270339966,-0.10767648369073868
0.4091,0.313900351524353,0.38311511278152466,0.4128398895263672,0.5149453282356262,0.4452977478504181,0.5085750222206116,0.42608803510665894,0.45802783966064453,0.34705159068107605,0.48744910955429077,0.3209703266620636,0.4620603024959564,0.41370904445648193,-0.10767648369073868
0.4091,0.31348103284835815,0.387241393327713,0.4165077209472656,0.5411929488182068,0.4883519113063812,0.4704248905181885,0.4259883463382721,0.45712655782699585,0.35065197944641113,0.48749274015426636,0.32158443331718445,0.46224725246429443,0.4141894578933716,-0.10767648369073868
0.4091,0.3117711842060089,0.3841370940208435,0.41274744272232056,0.4390765428543091,0.47717252373695374,0.40034329891204834,0.4252984821796417,0.45695632696151733,0.35203367471694946,0.48752325773239136,0.3220086693763733,0.4623485803604126,0.41438180208206177,-0.10767648369073868
0.4091,0.3148908019065857,0.3855906128883362,0.41672301292419434,0.5667733550071716,0.4262748062610626,0.5888683795928955,0.42419394850730896,0.457705020904541,0.354023814201355,0.48755156993865967,0.3225107491016388,0.4624786674976349,0.41473495960235596,-0.10767648369073868
0.3939,0.3158133029937744,0.39336007833480835,0.4235859513282776,0.5528852939605713,0.5019088983535767,0.45763617753982544,0.4230470359325409,0.45924362540245056,0.3559228777885437,0.48757824301719666,0.3229474425315857,0.46258312463760376,0.41503265500068665,-0.10767648369073868
0.3485,0.3310251832008362,0.40100303292274475,0.4113340973854065,0.481411337852478,0.5031918287277222,0.46706122159957886,0.4338870644569397,0.4692786633968353,0.3744647800922394,0.49696531891822815,0.3397519886493683,0.473965585231781,0.43189728260040283,-0.10767648369073868
0.3333,0.3911282420158386,0.4313889741897583,0.3812910318374634,0.5705056190490723,0.5217678546905518,0.44254958629608154,0.4954151511192322,0.5095652341842651,0.43391066789627075,0.5390475392341614,0.46079376339912415,0.5235286355018616,0.4943990111351013,-0.10767648369073868
0.3333,0.38589775562286377,0.4170913100242615,0.36442285776138306,0.5369464159011841,0.5433499813079834,0.4396125078201294,0.4893668293952942,0.5042165517807007,0.42181986570358276,0.5389761924743652,0.45977649092674255,0.5233022570610046,0.49351733922958374,-0.10767648369073868
0.3485,0.3828352689743042,0.40691784024238586,0.3596535623073578,0.40428823232650757,0.360725998878479,0.3841909170150757,0.4832257926464081,0.497250497341156,0.40908297896385193,0.5389033555984497,0.458686888217926,0.522956132888794,0.49280980229377747,-0.10767648369073868
0.3939,0.3806346654891968,0.40845268964767456,0.36357414722442627,0.3988425135612488,0.48793497681617737,0.39175084233283997,0.4780246317386627,0.49115532636642456,0.3955332636833191,0.5388420820236206,0.45793378353118896,0.5227428674697876,0.4921455681324005,-0.10767648369073868
0.3939,0.39204198122024536,0.4337521195411682,0.3993571996688843,0.4175354838371277,0.4443380534648895,0.3586009740829468,0.478152871131897,0.4895217716693878,0.3891850709915161,0.5388104319572449,0.45763471722602844,0.5225962400436401,0.491852730512619,-0.10767648369073868
0.3939,0.398329496383667,0.4459536373615265,0.41048651933670044,0.4268609881401062,0.4021914005279541,0.4895194470882416,0.4797731041908264,0.4898085594177246,0.386383980512619,0.5387870073318481,0.45742538571357727,0.5224941968917847,0.4916324317455292,-0.10767648369073868
0.4242,0.400621235370636,0.4502447843551636,0.4144909381866455,0.5426750779151917,0.5162993669509888,0.4833904504776001,0.4816392660140991,0.4909488260746002,0.3865388035774231,0.5387676358222961,0.4570913016796112,0.5223830938339233,0.491472065448761,-0.10767648369073868
0.4242,0.40926194190979004,0.46995505690574646,0.435905396938324,0.5264342427253723,0.5545005798339844,0.4427330493927002,0.4866558313369751,0.495930552482605,0.39142045378685,0.5387755632400513,0.45709648728370667,0.5223674178123474,0.4913863241672516,-0.10767648369073868
0.4394,0.41371822357177734,0.47053372859954834,0.4320910573005676,0.5962719321250916,0.5462719202041626,0.42058998346328735,0.49195581674575806,0.5020121932029724,0.39908063411712646,0.5387866497039795,0.45709919929504395,0.522396445274353,0.49128758907318115,-0.10767648369073868
0.4697,0.41658997535705566,0.4757581949234009,0.43327009677886963,0.6248874068260193,0.5764221549034119,0.4494278132915497,0.49851733446121216,0.5095694065093994,0.40378713607788086,0.5388018488883972,0.45722493529319763,0.522462010383606,0.49142491817474365,-0.10767648369073868
0.4697,0.4234215021133423,0.49314311146736145,0.4642754793167114,0.5815103054046631,0.5474048852920532,0.4503585696220398,0.5070861577987671,0.5194563865661621,0.40455877780914307,0.538830578327179,0.4576902687549591,0.522540807723999,0.4917980432510376,-0.10767648369073868
0.4848,0.4226086139678955,0.49222469329833984,0.4660218358039856,0.3718850612640381,0.4932309687137604,0.42601972818374634,0.5144212245941162,0.5273224115371704,0.4024101495742798,0.5388533473014832,0.4580324590206146,0.5226267576217651,0.4921678304672241,-0.10767648369073868
0.5152,0.43624448776245117,0.5027776956558228,0.4821392297744751,0.620425283908844,0.6980451345443726,0.4984416663646698,0.5225304961204529,0.5347812175750732,0.40139999985694885,0.5388800501823425,0.4584631621837616,0.5227864980697632,0.4925447106361389,-0.10767648369073868
0.5,0.4757504463195801,0.5237505435943604,0.5178045034408569,0.6762603521347046,0.620131254196167,0.6333746910095215,0.5315764546394348,0.5425611734390259,0.4004879593849182,0.5389377474784851,0.4591434895992279,0.5230249166488647,0.49304014444351196,-0.10767648369073868
0.4848,0.4660893678665161,0.5190628170967102,0.5072237253189087,0.5522445440292358,0.7203253507614136,0.5088245868682861,0.5386192202568054,0.5480092167854309,0.4047373831272125,0.5389890670776367,0.45966359972953796,0.5232776999473572,0.4933798015117645,-0.10767648369073868
0.5,0.4448026418685913,0.509486198425293,0.4936743378639221,0.6356000900268555,0.6502951383590698,0.5033284425735474,0.5425906777381897,0.5514086484909058,0.4186364412307739,0.5390486717224121,0.4603693187236786,0.5235476493835449,0.4939289689064026,-0.10767648369073868
0.4848,0.4601166844367981,0.5116875171661377,0.5056314468383789,0.5560393929481506,0.5594602823257446,0.6059101223945618,0.5453449487686157,0.5534383654594421,0.44217684864997864,0.5391223430633545,0.4614189565181732,0.5238212943077087,0.49468734860420227,-0.10767648369073868
0.4848,0.44424885511398315,0.49973392486572266,0.4931949973106384,0.4285503029823303,0.5631933212280273,0.5933213829994202,0.5451068878173828,0.5531569719314575,0.4739822745323181,0.5391782522201538,0.4622865319252014,0.5240825414657593,0.4952961206436157,-0.10767648369073868
0.4848,0.4360852837562561,0.4987417757511139,0.4949153661727905,0.6338602900505066,0.5953066349029541,0.557024359703064,0.5426138043403625,0.551947832107544,0.5061496496200562,0.5392276048660278,0.46294552087783813,0.524337887763977,0.49583345651626587,-0.10767648369073868
0.4697,0.4446902871131897,0.5036004781723022,0.49803757667541504,0.49368196725845337,0.5823496580123901,0.3925676941871643,0.5406316518783569,0.5501611232757568,0.5266127586364746,0.5392575263977051,0.4635487496852875,0.5244945287704468,0.49626436829566956,-0.10767648369073868
0.4697,0.42458397150039673,0.4881446063518524,0.4885740876197815,0.6239513158798218,0.6243574619293213,0.4616435170173645,0.5349699258804321,0.5464847087860107,0.5382105112075806,0.5392723083496094,0.4638127386569977,0.5245470404624939,0.4964134097099304,-0.10767648369073868
0.4697,0.41904187202453613,0.4895561933517456,0.4899151921272278,0.5757485032081604,0.5141595602035522,0.50276118516922,0.5294020175933838,0.5432571172714233,0.5494397878646851,0.5392802357673645,0.4640143811702728,0.524658739566803,0.4964557886123657,-0.10767648369073868
0.4545,0.4213176965713501,0.4913078546524048,0.49411994218826294,0.6943569779396057,0.544938325881958,0.543872594833374,0.5246269106864929,0.5396807193756104,0.5471131801605225,0.5392875671386719,0.4642351269721985,0.5246766209602356,0.49642953276634216,-0.10767648369073868
0.4545,0.4205775260925293,0.47879558801651,0.4849774241447449,0.48167258501052856,0.6178420782089233,0.4580947756767273,0.517874002456665,0.5346859097480774,0.5422029495239258,0.5392746925354004,0.46411454677581787,0.5247076749801636,0.49622678756713867,-0.10767648369073868
0.4545,0.4152980446815491,0.4809582233428955,0.4864377975463867,0.4959973096847534,0.6445555686950684,0.5226656198501587,0.5115833282470703,0.5302035212516785,0.5335204601287842,0.5392550826072693,0.46388694643974304,0.5246027708053589,0.49602600932121277,-0.10767648369073868
0.4545,0.4158881902694702,0.4792206585407257,0.4842618703842163,0.5091256499290466,0.6783308982849121,0.5562065839767456,0.5078372955322266,0.5262090563774109,0.5264482498168945,0.539238691329956,0.4637334644794464,0.5245130062103271,0.49587470293045044,-0.10767648369073868
0.4545,0.41512131690979004,0.4807887077331543,0.488364577293396,0.44195884466171265,0.5526483654975891,0.49398934841156006,0.5042546987533569,0.5242928862571716,0.5226974487304688,0.5392007827758789,0.4634859561920166,0.5243993401527405,0.49550914764404297,-0.10767648369073868
0.4545,0.41540610790252686,0.4891209006309509,0.49420255422592163,0.53028804063797,0.5570731163024902,0.47971224784851074,0.5028297901153564,0.5238245725631714,0.5213243961334229,0.539185643196106,0.4631204903125763,0.5242664813995361,0.4953312873840332,-0.10767648369073868
0.4545,0.42250239849090576,0.49568161368370056,0.4859998822212219,0.5065597295761108,0.4969247877597809,0.6199380159378052,0.5057962536811829,0.5253825783729553,0.5230287313461304,0.5391539335250854,0.46279194951057434,0.5241782665252686,0.4949570894241333,-0.10767648369073868
0.4545,0.42491793632507324,0.49463951587677,0.48724669218063354,0.600182056427002,0.5646882057189941,0.5419045090675354,0.5084918737411499,0.5280312895774841,0.5252308249473572,0.5391292572021484,0.46248170733451843,0.524036169052124,0.49461808800697327,-0.10767648369073868
0.4848,0.42109858989715576,0.5020886659622192,0.4832264184951782,0.5700844526290894,0.667353630065918,0.5981238484382629,0.511237382888794,0.5310630798339844,0.5265616178512573,0.5391209721565247,0.4622846841812134,0.5239335894584656,0.4946305751800537,-0.10767648369073868
0.5152,0.4470190405845642,0.5158747434616089,0.5042675137519836,0.5859320759773254,0.495550274848938,0.4380177855491638,0.518264889717102,0.5391555428504944,0.535628080368042,0.5391268134117126,0.4623713195323944,0.5239744186401367,0.494476318359375,-0.10767648369073868
0.5303,0.48684799671173096,0.5383787751197815,0.5342903137207031,0.6830242872238159,0.5684458017349243,0.5244277715682983,0.5266132950782776,0.5499138832092285,0.5479878187179565,0.5391461849212646,0.46274423599243164,0.5239903926849365,0.49480050802230835,-0.10767648369073868
0.5152,0.5027633309364319,0.5562278032302856,0.5475298762321472,0.5600699186325073,0.65030437707901,0.6326749920845032,0.5355340242385864,0.5615792274475098,0.5587753057479858,0.5391920208930969,0.46320876479148865,0.5241414308547974,0.4952002763748169,-0.10767648369073868
0.5152,0.48971790075302124,0.5547166466712952,0.5426406860351562,0.5702252388000488,0.5472883582115173,0.3953517973423004,0.5424422025680542,0.5696961283683777,0.5667074918746948,0.5392268896102905,0.4634988009929657,0.524256706237793,0.4955455958843231,-0.10767648369073868
0.5303,0.4934051036834717,0.5498241782188416,0.5444411039352417,0.6215593814849854,0.7856537103652954,0.5938814282417297,0.5473083257675171,0.57545006275177,0.5707601308822632,0.5392642617225647,0.4639669358730316,0.524399995803833,0.4960017800331116,-0.10767648369073868
0.6212,0.5030345320701599,0.553978443145752,0.547850489616394,0.5762020349502563,0.49097687005996704,0.6148101091384888,0.5518689155578613,0.579150915145874,0.5763994455337524,0.5393182039260864,0.46453407406806946,0.5245695114135742,0.4965085983276367,-0.10767648369073868
0.6212,0.5886397361755371,0.5929753184318542,0.5933939814567566,0.5409322381019592,0.6601945161819458,0.6775603890419006,0.5590100288391113,0.5848791003227234,0.5706249475479126,0.539401650428772,0.4657769799232483,0.5249598622322083,0.4972909688949585,-0.10767648369073868
0.6212,0.5969213247299194,0.612608015537262,0.6081659197807312,0.6779268980026245,0.9546014070510864,0.7588927149772644,0.5643988847732544,0.5896802544593811,0.5688334703445435,0.5395044088363647,0.46713584661483765,0.5253103971481323,0.4983665943145752,-0.10767648369073868
0.5455,0.5988768935203552,0.6193708777427673,0.6111228466033936,0.6302422285079956,0.532156229019165,0.6321353316307068,0.5680371522903442,0.5937283039093018,0.5729698538780212,0.5395952463150024,0.46834704279899597,0.5257356762886047,0.4995310604572296,-0.10767648369073868
0.5303,0.5312944650650024,0.6041834354400635,0.5873100161552429,0.5236025452613831,0.8875129222869873,0.729456901550293,0.5674102306365967,0.5944199562072754,0.5832587480545044,0.5396671891212463,0.4690930247306824,0.525911808013916,0.5003200769424438,-0.10767648369073868
0.5303,0.507720410823822,0.5678008198738098,0.554783284664154,0.7091761827468872,0.6826208829879761,0.7564704418182373,0.5647271871566772,0.5920771360397339,0.592797040939331,0.5397099256515503,0.46957942843437195,0.5261952877044678,0.5008182525634766,-0.10767648369073868
0.5,0.5093780755996704,0.5592283010482788,0.544817328453064,0.4076024889945984,0.6473886966705322,0.647000789642334,0.5612126588821411,0.5880831480026245,0.6014574766159058,0.5397527813911438,0.47014108300209045,0.5263842344284058,0.5010550022125244,-0.10767648369073868
0.4848,0.4909646511077881,0.5442755818367004,0.5188324451446533,0.5968840718269348,0.5623639822006226,0.5863609910011292,0.5701147317886353,0.5922644138336182,0.6182324886322021,0.5500003099441528,0.49123430252075195,0.5374362468719482,0.51738440990448,-0.10767648369073868
0.4545,0.49327701330184937,0.5380775928497314,0.5098360180854797,0.7165923118591309,0.5193568468093872,0.6507092714309692,0.5854158401489258,0.5975126028060913,0.6342887878417969,0.5646978616714478,0.5362496376037598,0.5553101301193237,0.5408064126968384,-0.10767648369073868
0.4394,0.457375705242157,0.514217734336853,0.48551714420318604,0.6612817645072937,0.4871436655521393,0.5254202485084534,0.5718492269515991,0.5837976932525635,0.6199548244476318,0.5646663308143616,0.5359846353530884,0.5550886392593384,0.5405786037445068,-0.10767648369073868
0.4394,0.4554758667945862,0.49959951639175415,0.47496384382247925,0.723766565322876,0.5537756681442261,0.5445617437362671,0.5578367710113525,0.5685729384422302,0.5947352647781372,0.56461101770401,0.5353291630744934,0.5549460053443909,0.5400446653366089,-0.10767648369073868
0.4394,0.4566686749458313,0.49767616391181946,0.4771742820739746,0.5784016847610474,0.5600783824920654,0.4893990159034729,0.5468730330467224,0.5558181405067444,0.5617578029632568,0.5645624399185181,0.5345120429992676,0.5547127723693848,0.5391964316368103,-0.10767648369073868
0.4242,0.4689456820487976,0.5034977793693542,0.4765391945838928,0.533027172088623,0.4293329119682312,0.4369053542613983,0.5399746894836426,0.5476558208465576,0.5285235643386841,0.5645154714584351,0.5337797403335571,0.554537296295166,0.5385702848434448,-0.10767648369073868
0.4242,0.4580288529396057,0.4901231527328491,0.4555804133415222,0.5164927840232849,0.5759689211845398,0.424744188785553,0.5326666235923767,0.5413074493408203,0.49211302399635315,0.564461886882782,0.533112108707428,0.5542190074920654,0.5377167463302612,-0.10767648369073868
0.4091,0.4518560767173767,0.4958445429801941,0.45846158266067505,0.478599488735199,0.5800427198410034,0.39122307300567627,0.5266920924186707,0.5380436182022095,0.46118301153182983,0.5644048452377319,0.5325610637664795,0.5539001226425171,0.5373389720916748,-0.10767648369073868
0.3485,0.4504876136779785,0.502824068069458,0.46064579486846924,0.5245952010154724,0.6114352345466614,0.5014844536781311,0.5216565132141113,0.5365004539489746,0.4280988872051239,0.5643494129180908,0.5319149494171143,0.5536372661590576,0.5367939472198486,-0.10767648369073868
0.3485,0.4391721487045288,0.4797697961330414,0.4310116767883301,0.6302075982093811,0.5404442548751831,0.5063450336456299,0.5171806812286377,0.531341552734375,0.3834453821182251,0.5642299056053162,0.5300834774971008,0.5531377196311951,0.5356530547142029,-0.10767648369073868
0.3333,0.4375579357147217,0.47005462646484375,0.4184620976448059,0.5236568450927734,0.6081476211547852,0.46862995624542236,0.5148649215698242,0.5274258852005005,0.35150834918022156,0.5641116499900818,0.5282890200614929,0.552659273147583,0.5344831943511963,-0.10767648369073868
0.3939,0.4307658076286316,0.45766979455947876,0.3925440311431885,0.6060685515403748,0.4894102215766907,0.37101590633392334,0.5143383741378784,0.524042010307312,0.33185720443725586,0.5639944076538086,0.5265992879867554,0.5520648956298828,0.5331823825836182,-0.10767648369073868
0.4091,0.43997907638549805,0.4823058247566223,0.42028743028640747,0.41777661442756653,0.4343782961368561,0.3303038477897644,0.5171658396720886,0.5254961252212524,0.3296014964580536,0.5639160871505737,0.5257430076599121,0.5518069267272949,0.532403290271759,-0.10767648369073868
0.4394,0.4502139091491699,0.5076954364776611,0.43960249423980713,0.42573267221450806,0.47984981536865234,0.45107120275497437,0.5237868428230286,0.5304867029190063,0.3370799124240875,0.5638837814331055,0.5252419710159302,0.5515642762184143,0.5319286584854126,-0.10767648369073868
0.4545,0.4783005714416504,0.5289695262908936,0.4586344361305237,0.44852983951568604,0.5120130777359009,0.4664602279663086,0.5351452827453613,0.5408672094345093,0.35833340883255005,0.5638642907142639,0.5249248147010803,0.5515316724777222,0.5318398475646973,-0.10767648369073868
0.4545,0.48493844270706177,0.5459606647491455,0.4808868169784546,0.5644200444221497,0.5902182459831238,0.5620288252830505,0.5465342402458191,0.5526076555252075,0.3822306990623474,0.5638772249221802,0.5249094367027283,0.5514281988143921,0.5319508910179138,-0.10767648369073868
0.4848,0.47232162952423096,0.5422079563140869,0.4754906892776489,0.5641792416572571,0.6069456338882446,0.5158748030662537,0.5557874441146851,0.5629980564117432,0.4103706479072571,0.5639138221740723,0.5249274373054504,0.5514780879020691,0.5322614908218384,-0.10767648369073868
0.5,0.5020962953567505,0.5520530939102173,0.49545109272003174,0.5728422999382019,0.4998283088207245,0.6062407493591309,0.5651055574417114,0.5745670795440674,0.4372136890888214,0.5639617443084717,0.52542644739151,0.5516706109046936,0.5326436758041382,-0.10767648369073868
0.5,0.5141822695732117,0.5567793846130371,0.5120025873184204,0.5356144309043884,0.6367396712303162,0.5071961879730225,0.5736061334609985,0.5844277143478394,0.46359947323799133,0.5640243291854858,0.5260942578315735,0.5518224239349365,0.5332711935043335,-0.10767648369073868
0.4848,0.5121394395828247,0.559155285358429,0.5083180665969849,0.5856141448020935,0.5116883516311646,0.49257516860961914,0.5804110765457153,0.5910606980323792,0.4892905652523041,0.5640703439712524,0.5266314148902893,0.5520788431167603,0.5338276624679565,-0.10767648369073868
0.4848,0.4895637631416321,0.5501054525375366,0.49406152963638306,0.6568129658699036,0.4950401484966278,0.516865074634552,0.5851238965988159,0.5920552015304565,0.5093759298324585,0.5641038417816162,0.5270662307739258,0.5521547794342041,0.5342585444450378,-0.10767648369073868
0.4545,0.4877060055732727,0.5462360382080078,0.5007787346839905,0.49496912956237793,0.5865656733512878,0.6032192707061768,0.5871365070343018,0.5900857448577881,0.52991783618927,0.564134955406189,0.527508556842804,0.5523686408996582,0.5348271131515503,-0.10767648369073868
0.4394,0.4639160633087158,0.5219802856445312,0.4682973623275757,0.5408856868743896,0.5907913446426392,0.6234337091445923,0.5855643153190613,0.5824989080429077,0.5485316514968872,0.5641639232635498,0.5276338458061218,0.55246901512146,0.5348837971687317,-0.10767648369073868
0.4242,0.45835578441619873,0.5099993944168091,0.4497264623641968,0.43124139308929443,0.5548927783966064,0.40950846672058105,0.581253170967102,0.5721672773361206,0.5589806437492371,0.564184308052063,0.5277340412139893,0.5526044964790344,0.535076916217804,-0.10767648369073868
0.4242,0.45590639114379883,0.49414923787117004,0.43722599744796753,0.5549854636192322,0.420508474111557,0.491563081741333,0.5737816095352173,0.5628072023391724,0.5760263800621033,0.5642136335372925,0.528154194355011,0.5527505874633789,0.535207986831665,-0.10767648369073868
0.4091,0.451301634311676,0.48689204454421997,0.42775091528892517,0.5562233328819275,0.5437074303627014,0.5039187669754028,0.5656945705413818,0.5554324984550476,0.5901111364364624,0.5642328262329102,0.5285385847091675,0.5527547597885132,0.5355204343795776,-0.10767648369073868
0.4242,0.44423961639404297,0.48901277780532837,0.42707425355911255,0.5028325319290161,0.4681505858898163,0.4577952027320862,0.5569046139717102,0.5496191382408142,0.601386308670044,0.5642568469047546,0.5289806127548218,0.5528580546379089,0.5356847047805786,-0.10767648369073868
0.4091,0.45302462577819824,0.49708792567253113,0.4409121870994568,0.5617737770080566,0.5208483934402466,0.3838590681552887,0.550952672958374,0.547423243522644,0.6001636981964111,0.5642507076263428,0.5291204452514648,0.5528614521026611,0.5355520248413086,-0.10767648369073868
0.4091,0.45517057180404663,0.49914926290512085,0.44325780868530273,0.6203956007957458,0.6046605110168457,0.42549002170562744,0.5452389717102051,0.5459731817245483,0.5855653285980225,0.5642437934875488,0.5290406346321106,0.5527782440185547,0.5354262590408325,-0.10767648369073868
0.4091,0.4525684714317322,0.4981585741043091,0.439028799533844,0.43474632501602173,0.5525416135787964,0.441569983959198,0.5420104265213013,0.5448538661003113,0.5594216585159302,0.5642200112342834,0.5286948680877686,0.552685022354126,0.5349858403205872,-0.10767648369073868
0.3636,0.4548354744911194,0.49979251623153687,0.44182658195495605,0.3987746238708496,0.5796715021133423,0.4356033504009247,0.53987717628479,0.5452224612236023,0.5354288816452026,0.5641924142837524,0.5283713340759277,0.5525088310241699,0.5346600413322449,-0.10767648369073868
0.3636,0.4396410584449768,0.4800134301185608,0.41716617345809937,0.5002727508544922,0.5203756093978882,0.44314998388290405,0.5337576270103455,0.5416560173034668,0.4930461645126343,0.5641505122184753,0.5276763439178467,0.5523024797439575,0.5341963768005371,-0.10767648369073868
0.3636,0.4472346305847168,0.4764648377895355,0.40265601873397827,0.5962427854537964,0.4458557069301605,0.3488024175167084,0.5306463241577148,0.539493978023529,0.46656158566474915,0.564087986946106,0.5268876552581787,0.5520782470703125,0.5336320400238037,-0.10767648369073868
0.3485,0.4527662992477417,0.47955837845802307,0.39470523595809937,0.5062724947929382,0.4469827115535736,0.46803390979766846,0.5298285484313965,0.5381834506988525,0.4529413878917694,0.564038097858429,0.5262396335601807,0.5517886877059937,0.5331360101699829,-0.10767648369073868
0.3636,0.4511353373527527,0.4722902178764343,0.3771156966686249,0.42209839820861816,0.416798859834671,0.45469552278518677,0.5284342169761658,0.5364097356796265,0.44438663125038147,0.5639700293540955,0.5253608822822571,0.5515771508216858,0.5326099395751953,-0.10767648369073868
0.4242,0.45090508460998535,0.47700488567352295,0.37984347343444824,0.4513656497001648,0.48867788910865784,0.30249524116516113,0.5283517837524414,0.5349271893501282,0.44370126724243164,0.5639246702194214,0.5247319936752319,0.5513858795166016,0.5321397185325623,-0.10767648369073868
0.4848,0.47316163778305054,0.5092161297798157,0.4222932755947113,0.4587029218673706,0.5328247547149658,0.49815815687179565,0.5352874994277954,0.5406175851821899,0.4585084319114685,0.5639109015464783,0.524719774723053,0.5513250827789307,0.5321577191352844,-0.10767648369073868
0.5,0.5056645274162292,0.5514298677444458,0.4728730320930481,0.5201373100280762,0.4721149504184723,0.49175894260406494,0.5483667850494385,0.5550483465194702,0.4693877398967743,0.5639499425888062,0.5252694487571716,0.5514144897460938,0.53251051902771,-0.10767648369073868
0.5152,0.5466327667236328,0.5868685245513916,0.4972767233848572,0.632758617401123,0.6109909415245056,0.6071032881736755,0.5629196763038635,0.5725486278533936,0.47147685289382935,0.5640277862548828,0.5261661410331726,0.5516590476036072,0.5334174633026123,-0.10767648369073868
0.5152,0.5777393579483032,0.6110115051269531,0.5187045931816101,0.5654801726341248,0.5995968580245972,0.7222317457199097,0.5764151811599731,0.5901127457618713,0.4709160625934601,0.564120352268219,0.5272828340530396,0.5520155429840088,0.5343648195266724,-0.10767648369073868
0.5303,0.5797886252403259,0.6120002269744873,0.5206884741783142,0.5072773098945618,0.6211071014404297,0.5638375282287598,0.5869321823120117,0.6035412549972534,0.47203484177589417,0.5641993284225464,0.5282690525054932,0.5522762537002563,0.535241961479187,-0.10767648369073868
0.5303,0.5696436166763306,0.6100303530693054,0.5228259563446045,0.5457178354263306,0.5736134052276611,0.6711864471435547,0.595141589641571,0.6129142642021179,0.4802662432193756,0.5642918348312378,0.5292891263961792,0.552649736404419,0.5361021757125854,-0.10767648369073868
0.5,0.5656863451004028,0.5975474119186401,0.5197305679321289,0.714220404624939,0.5223606824874878,0.667664110660553,0.6010740995407104,0.6156951189041138,0.4926213324069977,0.5643661022186279,0.530140221118927,0.5530451536178589,0.5367967486381531,-0.10767648369073868
0.4545,0.5379023551940918,0.5775761604309082,0.49850618839263916,0.503014087677002,0.5288593769073486,0.5612248182296753,0.6028903722763062,0.612354576587677,0.5098937749862671,0.5644170641899109,0.5308029651641846,0.5532918572425842,0.537730872631073,-0.10767648369073868
0.4545,0.4948927164077759,0.5516628623008728,0.4635360836982727,0.5733279585838318,0.5050438642501831,0.6168606877326965,0.6088858246803284,0.6073298454284668,0.5351506471633911,0.5720855593681335,0.54630047082901,0.5606250166893005,0.551081657409668,-0.10767648369073868
0.4394,0.4860105514526367,0.5393490195274353,0.455222487449646,0.6051027774810791,0.6328010559082031,0.5616957545280457,0.6115329265594482,0.5973981022834778,0.5570211410522461,0.5771431922912598,0.5617415904998779,0.5685501098632812,0.5585796236991882,-0.10767648369073868
0.4242,0.47990095615386963,0.5203238129615784,0.4507303833961487,0.6964163184165955,0.47117093205451965,0.454287052154541,0.6018456816673279,0.5823985934257507,0.5753737688064575,0.5771601796150208,0.5619573593139648,0.5686889290809631,0.5584924221038818,-0.10767648369073868
0.4242,0.4778881072998047,0.5068517923355103,0.4450216293334961,0.5358408093452454,0.3990786671638489,0.36028075218200684,0.5906596779823303,0.5678552389144897,0.5804486274719238,0.5771598219871521,0.5619322657585144,0.5688592791557312,0.5581817030906677,-0.10767648369073868
0.4091,0.4820958971977234,0.5009375810623169,0.4452093243598938,0.58135586977005,0.5524313449859619,0.4195805788040161,0.5799610018730164,0.5583508610725403,0.5808541774749756,0.5771697759628296,0.5620623826980591,0.5688704252243042,0.5581964254379272,-0.10767648369073868
0.4091,0.473657488822937,0.4911426305770874,0.4346872568130493,0.5578082799911499,0.534282922744751,0.46700406074523926,0.5694586038589478,0.552128255367279,0.5724974870681763,0.5771681070327759,0.5622607469558716,0.5688048005104065,0.5583685040473938,-0.10767648369073868
0.3485,0.4676929712295532,0.4968438148498535,0.44489043951034546,0.5859907269477844,0.5157150030136108,0.3762560188770294,0.5588332414627075,0.550330638885498,0.5616099834442139,0.5771549344062805,0.562322735786438,0.5687142610549927,0.5583060383796692,-0.10767648369073868
0.3636,0.4509756565093994,0.48369356989860535,0.42444974184036255,0.4860580563545227,0.5167837142944336,0.3468037247657776,0.5441380143165588,0.5419479608535767,0.5004591941833496,0.5771033763885498,0.561625599861145,0.5684621334075928,0.5576707124710083,-0.10767648369073868
0.3333,0.4605370759963989,0.47614148259162903,0.4238225221633911,0.4407350420951843,0.4230895936489105,0.4148792028427124,0.5338621139526367,0.5345787405967712,0.44181951880455017,0.5770003795623779,0.5605601668357849,0.5682104825973511,0.5563955307006836,-0.10767648369073868
0.3333,0.44415104389190674,0.4556084871292114,0.4108843207359314,0.3509562611579895,0.369412362575531,0.36721521615982056,0.5235114097595215,0.5256970524787903,0.37738895416259766,0.5768797397613525,0.5589486360549927,0.5676571726799011,0.5548864603042603,-0.10767648369073868
0.303,0.43205928802490234,0.4432029724121094,0.40162408351898193,0.35792601108551025,0.5188819169998169,0.2790868878364563,0.5161450505256653,0.5185275077819824,0.3292974829673767,0.5767329931259155,0.5571445226669312,0.5672118663787842,0.5534435510635376,-0.10767648369073868
0.303,0.42968398332595825,0.43660661578178406,0.3950032591819763,0.5163672566413879,0.4267975687980652,0.43314188718795776,0.5087966322898865,0.5133267641067505,0.2964573800563812,0.5765910148620605,0.5552561283111572,0.5665626525878906,0.5519968867301941,-0.10767648369073868
0.2879,0.4321296215057373,0.4396435618400574,0.3900950253009796,0.42266786098480225,0.3807986080646515,0.30129051208496094,0.5054067969322205,0.5104978084564209,0.28730449080467224,0.5764502286911011,0.5534641742706299,0.5660791993141174,0.5507868528366089,-0.10767648369073868
0.2879,0.4302566647529602,0.43880748748779297,0.37191328406333923,0.5748096108436584,0.3205426335334778,0.3331100344657898,0.5042325258255005,0.5092041492462158,0.29320257902145386,0.5763263702392578,0.5517386794090271,0.5655350089073181,0.5493621826171875,-0.10767648369073868
0.303,0.4309343099594116,0.4391998052597046,0.35711923241615295,0.3504265546798706,0.4301591217517853,0.18151254951953888,0.504282534122467,0.5077433586120605,0.30531612038612366,0.5762215852737427,0.5502959489822388,0.5651812553405762,0.5482527017593384,-0.10767648369073868
0.3485,0.44492286443710327,0.44501298666000366,0.36116743087768555,0.44604015350341797,0.5812405347824097,0.3839327394962311,0.5036270618438721,0.506071150302887,0.31595468521118164,0.5761491060256958,0.5494483113288879,0.5648741722106934,0.5476357936859131,-0.10767648369073868
0.3636,0.44595015048980713,0.45293402671813965,0.3731232285499573,0.3254072666168213,0.2909732758998871,0.44969069957733154,0.5074843764305115,0.5042505264282227,0.33739280700683594,0.5761144161224365,0.548943281173706,0.5646494030952454,0.5473252534866333,-0.10767648369073868
0.4091,0.45876067876815796,0.47324860095977783,0.3824068605899811,0.5369196534156799,0.36750635504722595,0.4395295977592468,0.5130285024642944,0.5043727159500122,0.35878315567970276,0.5760947465896606,0.5488297939300537,0.56456458568573,0.547318160533905,-0.10767648369073868
0.4242,0.47668832540512085,0.4972870349884033,0.4066392183303833,0.4731763005256653,0.5354574918746948,0.4162452220916748,0.5227684378623962,0.5093916654586792,0.3788251280784607,0.5761083364486694,0.5490556359291077,0.5646078586578369,0.5475626587867737,-0.10767648369073868
0.4394,0.49004900455474854,0.5214939117431641,0.43527406454086304,0.41474753618240356,0.5339007377624512,0.4350714683532715,0.5336041450500488,0.5167430639266968,0.39982399344444275,0.5761286020278931,0.5493439435958862,0.5646785497665405,0.5478885769844055,-0.10767648369073868
0.4545,0.4833419919013977,0.5252528190612793,0.44013768434524536,0.6387764811515808,0.6649025678634644,0.5067809820175171,0.5444580316543579,0.5258232951164246,0.4174509346485138,0.576167643070221,0.5495854020118713,0.5648559927940369,0.5480901002883911,-0.10767648369073868
0.4697,0.4874582290649414,0.5318348407745361,0.4540843367576599,0.5075864195823669,0.4536837637424469,0.4206245243549347,0.5556994080543518,0.5356374979019165,0.43420466780662537,0.576206624507904,0.5500001311302185,0.5650637149810791,0.5484813451766968,-0.10767648369073868
0.4848,0.4876490831375122,0.5315656661987305,0.4696766138076782,0.6638762354850769,0.5453442335128784,0.5597656965255737,0.5657573938369751,0.5479617714881897,0.44249728322029114,0.5762791633605957,0.5507875680923462,0.5653946995735168,0.5492041110992432,-0.10767648369073868
0.4848,0.501384973526001,0.5359965562820435,0.48434901237487793,0.4875689744949341,0.5087287425994873,0.44055622816085815,0.5757371187210083,0.5597316026687622,0.4488975703716278,0.5763419270515442,0.5515128374099731,0.5656879544258118,0.5501161813735962,-0.10767648369073868
0.4545,0.4953804612159729,0.5365598201751709,0.4923174977302551,0.6187842488288879,0.5796471834182739,0.5630111694335938,0.584043562412262,0.5706984400749207,0.45925092697143555,0.5764266848564148,0.5525437593460083,0.5660595297813416,0.5510005354881287,-0.10767648369073868
0.4545,0.47524452209472656,0.5188161134719849,0.47158128023147583,0.5414674282073975,0.5946276187896729,0.43522608280181885,0.5881855487823486,0.5763927102088928,0.47497090697288513,0.5764895677566528,0.5533164143562317,0.566335916519165,0.5518959760665894,-0.10767648369073868
0.4394,0.47221851348876953,0.5154765248298645,0.46878087520599365,0.568170964717865,0.4690013825893402,0.47008833289146423,0.5907362699508667,0.5775247812271118,0.4962523579597473,0.5765618681907654,0.5542672872543335,0.5666989088058472,0.5525014996528625,-0.10767648369073868
0.4091,0.46885716915130615,0.5082839131355286,0.4593433737754822,0.6557980179786682,0.4564424455165863,0.4646108150482178,0.5905247926712036,0.5746460556983948,0.5191861391067505,0.5766259431838989,0.5551086068153381,0.566992461681366,0.5530783534049988,-0.10767648369073868
0.4091,0.4601013660430908,0.4874909818172455,0.4314662218093872,0.5174767971038818,0.6770355701446533,0.4021400213241577,0.5857162475585938,0.5662334561347961,0.5329651832580566,0.5766695141792297,0.5557292103767395,0.5672180652618408,0.5534121990203857,-0.10767648369073868
0.4091,0.46351951360702515,0.48578575253486633,0.43225324153900146,0.6026026606559753,0.3794444799423218,0.3993888795375824,0.5802301168441772,0.5581841468811035,0.5418784618377686,0.5767070055007935,0.5563594102859497,0.5673744678497314,0.5538479089736938,-0.10767648369073868
0.4242,0.46615666151046753,0.4894915819168091,0.4346310496330261,0.5293823480606079,0.47430679202079773,0.4388844966888428,0.5746723413467407,0.5524766445159912,0.5457626581192017,0.576736330986023,0.556975245475769,0.5674430131912231,0.5541582107543945,-0.10767648369073868
0.4091,0.4676017165184021,0.49388787150382996,0.4492681622505188,0.5830510854721069,0.5161027908325195,0.5059480667114258,0.5701492428779602,0.5525611639022827,0.5436102151870728,0.5767413377761841,0.5572690963745117,0.5675215125083923,0.5541301369667053,-0.10767648369073868
0.4242,0.46920448541641235,0.4975331425666809,0.4570525288581848,0.48958706855773926,0.42995917797088623,0.3760199546813965,0.5661467909812927,0.5538547039031982,0.534020185470581,0.5767402052879333,0.5573543310165405,0.5675081014633179,0.5539989471435547,-0.10767648369073868
0.4091,0.4837840795516968,0.5042463541030884,0.47195422649383545,0.5201735496520996,0.48899200558662415,0.45462316274642944,0.5646563172340393,0.5564560294151306,0.518613338470459,0.5767274498939514,0.557259202003479,0.5674757957458496,0.5538157224655151,-0.10767648369073868
0.4242,0.4760666489601135,0.49896883964538574,0.46864187717437744,0.483117938041687,0.559180736541748,0.4143461287021637,0.5619726777076721,0.5568650960922241,0.4945134222507477,0.5766975283622742,0.5569036602973938,0.5673118829727173,0.5534262657165527,-0.10767648369073868
0.4242,0.4761919379234314,0.5085746645927429,0.47208505868911743,0.4792897701263428,0.5363600254058838,0.5252519845962524,0.5618779063224792,0.55934077501297,0.4806029200553894,0.576678991317749,0.556611180305481,0.5672469735145569,0.553172767162323,-0.10767648369073868
0.4091,0.4880900979042053,0.5229480266571045,0.47108328342437744,0.39899659156799316,0.4907751977443695,0.5402097105979919,0.5647895336151123,0.5642797946929932,0.47537556290626526,0.5766661167144775,0.5565329194068909,0.5671414136886597,0.553023099899292,-0.10767648369073868
0.4091,0.4990962743759155,0.5271846055984497,0.4569646120071411,0.6309363842010498,0.5610326528549194,0.5250846743583679,0.568867564201355,0.5703086853027344,0.47012871503829956,0.576654851436615,0.5563875436782837,0.5670673847198486,0.553054690361023,-0.10767648369073868
0.4242,0.5070736408233643,0.5359214544296265,0.4424433708190918,0.3967301547527313,0.6799094676971436,0.6136886477470398,0.5745214223861694,0.5754255056381226,0.467805415391922,0.5766523480415344,0.5562950372695923,0.5669903755187988,0.5531927347183228,-0.10767648369073868
0.4394,0.5169733166694641,0.5444517135620117,0.4396679997444153,0.5918574333190918,0.3856619596481323,0.46106618642807007,0.581518292427063,0.581644594669342,0.47390565276145935,0.5766571760177612,0.5564610958099365,0.5670362114906311,0.5533368587493896,-0.10767648369073868
0.4697,0.5234431624412537,0.553725004196167,0.44931453466415405,0.45097821950912476,0.521926760673523,0.5889915227890015,0.5874157547950745,0.5883991122245789,0.48131701350212097,0.5766777992248535,0.5568132400512695,0.5670901536941528,0.5538597106933594,-0.10767648369073868
0.5152,0.5248520970344543,0.5712707042694092,0.4717535376548767,0.5585033893585205,0.6171072721481323,0.5050977468490601,0.5958264470100403,0.5978829860687256,0.49805694818496704,0.5767219066619873,0.5573097467422485,0.5672592520713806,0.5543670654296875,-0.10767648369073868
0.5303,0.5824040770530701,0.5974500179290771,0.5176615715026855,0.5640231370925903,0.6181945204734802,0.5633593201637268,0.6060251593589783,0.6101181507110596,0.5160934925079346,0.5767868757247925,0.5582535862922668,0.5675591826438904,0.5550836324691772,-0.10767648369073868
0.6212,0.5917184948921204,0.6122840046882629,0.5409122109413147,0.6590030789375305,0.5237901210784912,0.5989466905593872,0.6149846315383911,0.6213218569755554,0.5422320365905762,0.5768589377403259,0.5592858791351318,0.567872166633606,0.5558567643165588,-0.10767648369073868
0.6212,0.6720623970031738,0.6593001484870911,0.6034965515136719,0.598861038684845,0.6194280385971069,0.6030423045158386,0.6315304636955261,0.6370152831077576,0.5662792921066284,0.582101583480835,0.574074387550354,0.5741363167762756,0.5655017495155334,-0.10767648369073868
0.6212,0.6731687188148499,0.676770806312561,0.6252464056015015,0.7719584107398987,0.5622094869613647,0.6891819834709167,0.6416633725166321,0.6447176933288574,0.5843260288238525,0.5836372375488281,0.5769673585891724,0.5764688849449158,0.5685055255889893,-0.10767648369073868
0.6212,0.6735996603965759,0.6710506677627563,0.6299731731414795,0.6186306476593018,0.6562051773071289,0.5367639660835266,0.6462565660476685,0.6468464136123657,0.5937585830688477,0.5837306976318359,0.5780494809150696,0.5769922733306885,0.569564700126648,-0.10767648369073868
0.6212,0.6737106442451477,0.6734457015991211,0.64193195104599,0.760638415813446,0.7399208545684814,0.6785207390785217,0.6482266783714294,0.6469443440437317,0.6075856685638428,0.5838415026664734,0.5793271064758301,0.5773761868476868,0.5707006454467773,-0.10767648369073868
0.6212,0.6702038645744324,0.6586767435073853,0.6319957375526428,0.6064464449882507,0.6893895864486694,0.8158054947853088,0.6484852433204651,0.6446757912635803,0.6202555298805237,0.583938479423523,0.580525279045105,0.5777683258056641,0.5717869997024536,-0.10767648369073868
0.5455,0.6659355759620667,0.6559855937957764,0.6290792226791382,0.6665284633636475,0.8533560037612915,0.6340212225914001,0.6470212936401367,0.6429967880249023,0.645942211151123,0.5840283632278442,0.5817622542381287,0.5781431198120117,0.5726372003555298,-0.10767648369073868
0.5303,0.59283047914505,0.6368540525436401,0.5876967906951904,0.48215776681900024,0.6966897249221802,0.6452081203460693,0.6416339874267578,0.6374824047088623,0.6596187353134155,0.584081768989563,0.5823763012886047,0.5783791542053223,0.5731573700904846,-0.10767648369073868
0.5152,0.5801633596420288,0.6069790124893188,0.5652165412902832,0.6932985186576843,0.8236261606216431,0.6683465242385864,0.6327773332595825,0.6284461617469788,0.6575268507003784,0.5840877890586853,0.5826730728149414,0.5785534381866455,0.5731641054153442,-0.10767648369073868
0.5303,0.5572649836540222,0.5878396034240723,0.5489814281463623,0.6429122686386108,0.6842120885848999,0.5347891449928284,0.6233271360397339,0.6188371181488037,0.6576154232025146,0.5840829610824585,0.5829381346702576,0.5784969925880432,0.5730403065681458,-0.10767648369073868
0.5303,0.5665832161903381,0.582739531993866,0.5518909692764282,0.5875248312950134,0.7303051948547363,0.4462949335575104,0.6135610342025757,0.6111739873886108,0.656590461730957,0.5840875506401062,0.5830912590026855,0.5785728693008423,0.5728338360786438,-0.10767648369073868
0.5303,0.569599986076355,0.5810645818710327,0.5594260692596436,0.6758376359939575,0.728270411491394,0.5896862149238586,0.6037854552268982,0.6052220463752747,0.6517872214317322,0.5840774774551392,0.5831049680709839,0.5785166025161743,0.5722967386245728,-0.10767648369073868
0.5303,0.5747132301330566,0.582828164100647,0.5715795159339905,0.6094047427177429,0.589924693107605,0.48859888315200806,0.5936218500137329,0.6015164256095886,0.6485539674758911,0.5840665102005005,0.5831010341644287,0.5784478783607483,0.5719993114471436,-0.10767648369073868
0.5455,0.5729871988296509,0.5820660591125488,0.573967456817627,0.5797240734100342,0.7587816715240479,0.6313711404800415,0.5855112075805664,0.5984630584716797,0.645137369632721,0.5840429067611694,0.5829721689224243,0.5782662630081177,0.5714849829673767,-0.10767648369073868
0.5455,0.5817171335220337,0.5929020643234253,0.5911187529563904,0.6318264007568359,0.5834704637527466,0.6430795788764954,0.5809502601623535,0.5984254479408264,0.6451218128204346,0.5840158462524414,0.5826653242111206,0.5780611038208008,0.5710221529006958,-0.10767648369073868
0.5303,0.5947188138961792,0.6096740961074829,0.6111899018287659,0.48020094633102417,0.7059658765792847,0.6936787366867065,0.5773964524269104,0.5989157557487488,0.6450334787368774,0.5839998722076416,0.5823233723640442,0.5779883861541748,0.570640504360199,-0.10767648369073868
0.5303,0.5821473002433777,0.6047766208648682,0.5991334319114685,0.5318425893783569,0.754953145980835,0.6033486723899841,0.5788079500198364,0.5993445515632629,0.6415138244628906,0.5839376449584961,0.5814355611801147,0.5776548385620117,0.5699197053909302,-0.10767648369073868
0.5303,0.5831310153007507,0.6037663817405701,0.5976535081863403,0.6510319113731384,0.6465201377868652,0.6641569137573242,0.5821003913879395,0.5998201966285706,0.6420797109603882,0.5838919878005981,0.5807916522026062,0.5773734450340271,0.5695651173591614,-0.10767648369073868
0.5303,0.5776373744010925,0.6075215339660645,0.5882921814918518,0.6313838362693787,0.6092097759246826,0.7494285106658936,0.586969792842865,0.6009261608123779,0.6462835073471069,0.5838441848754883,0.5803110003471375,0.5771223306655884,0.5690584182739258,-0.10767648369073868
0.5455,0.5897650122642517,0.6187272071838379,0.5866994261741638,0.7081334590911865,0.6140638589859009,0.5239517688751221,0.5931636095046997,0.604153573513031,0.6507121324539185,0.5838062167167664,0.5798439383506775,0.5770223736763,0.5687506198883057,-0.10767648369073868
0.6061,0.6099979877471924,0.6342219710350037,0.5922119617462158,0.5192744135856628,0.5884966254234314,0.48828351497650146,0.6019361615180969,0.6097344756126404,0.658449649810791,0.5837831497192383,0.5795405507087708,0.5769178867340088,0.5685767531394958,-0.10767648369073868
0.5909,0.6670553088188171,0.6617245078086853,0.6187366247177124,0.5675818920135498,0.5487979054450989,0.6677963733673096,0.6138842105865479,0.619117796421051,0.670743465423584,0.5837948322296143,0.5796506404876709,0.5769398212432861,0.5686936378479004,-0.10767648369073868
0.5909,0.6528658270835876,0.6687365770339966,0.6122714877128601,0.6514232754707336,0.6071039438247681,0.7693431973457336,0.6217175722122192,0.6278907656669617,0.6813864707946777,0.5838456153869629,0.5801799297332764,0.5770378112792969,0.5692315101623535,-0.10767648369073868
0.5909,0.6548349261283875,0.6693665981292725,0.6095479130744934,0.7435792684555054,0.5715241432189941,0.8389092683792114,0.6272678971290588,0.6371464729309082,0.6900366544723511,0.5839017033576965,0.5808300971984863,0.577340841293335,0.5698730945587158,-0.10767648369073868
0.5758,0.6628853678703308,0.6741417646408081,0.6172057390213013,0.7362344264984131,0.6726726293563843,0.8190611600875854,0.6307281255722046,0.6449836492538452,0.7000370025634766,0.5839699506759644,0.5816278457641602,0.5775344967842102,0.5706601738929749,-0.10767648369073868
0.5303,0.6440255045890808,0.6575316190719604,0.5974982380867004,0.77482008934021,0.7045729160308838,0.6810486316680908,0.6331514120101929,0.6494596004486084,0.709442138671875,0.5840269923210144,0.582159161567688,0.5777848362922668,0.5712181329727173,-0.10767648369073868
0.5758,0.5861978530883789,0.6340032815933228,0.5660083293914795,0.6349583864212036,0.7646976709365845,0.7006659507751465,0.6314454078674316,0.6475545167922974,0.7148916721343994,0.5840519070625305,0.5823131799697876,0.5779442191123962,0.5715146064758301,-0.10767648369073868
0.5758,0.6331548690795898,0.6398959755897522,0.5881486535072327,0.5728890299797058,0.6104663014411926,0.738581657409668,0.6313880681991577,0.6456958651542664,0.7267206907272339,0.584088146686554,0.5829082727432251,0.5781426429748535,0.5721480846405029,-0.10767648369073868
0.5303,0.6354057788848877,0.6471309065818787,0.5975949168205261,0.7263604998588562,0.6106782555580139,0.8387092351913452,0.6306823492050171,0.6420726776123047,0.7381724119186401,0.5841273665428162,0.5835331678390503,0.5782566070556641,0.5727697610855103,-0.10767648369073868
0.5303,0.5782439708709717,0.6260002851486206,0.5676028728485107,0.6289607286453247,0.6706445217132568,0.5038965940475464,0.6273493766784668,0.6347591876983643,0.7406201362609863,0.5841341018676758,0.583472728729248,0.5783716440200806,0.5729238390922546,-0.10767648369073868
0.5152,0.5858927965164185,0.6228625774383545,0.5763741135597229,0.6012887954711914,0.5505908727645874,0.5878701210021973,0.6236388683319092,0.6278966665267944,0.7407481670379639,0.5841387510299683,0.583549439907074,0.5783947706222534,0.5731315612792969,-0.10767648369073868
0.5,0.5719613432884216,0.6053078174591064,0.5665823817253113,0.44355082511901855,0.6710753440856934,0.6398332715034485,0.6178033351898193,0.6207953691482544,0.7362040281295776,0.5841460227966309,0.5836057066917419,0.578380286693573,0.5730470418930054,-0.10767648369073868
0.5,0.5487750768661499,0.5898897647857666,0.541509747505188,0.7142603993415833,0.6540780067443848,0.4611319899559021,0.6107920408248901,0.6148920059204102,0.7256383895874023,0.5841280817985535,0.5833200812339783,0.5783388018608093,0.5727542638778687,-0.10767648369073868
0.5,0.5416128635406494,0.5863491296768188,0.5344793796539307,0.6795361638069153,0.6264461278915405,0.6477984189987183,0.6043505668640137,0.6105272769927979,0.7117918729782104,0.584121584892273,0.583162784576416,0.5782467126846313,0.5723587274551392,-0.10767648369073868
0.4848,0.557091474533081,0.5872559547424316,0.537014901638031,0.7208120226860046,0.5890423059463501,0.4769499897956848,0.5981448888778687,0.6076213121414185,0.6956156492233276,0.5840885639190674,0.5830221176147461,0.5781322717666626,0.5721674561500549,-0.10767648369073868
0.4545,0.530302882194519,0.583458662033081,0.5312031507492065,0.5659601092338562,0.5414652824401855,0.36365219950675964,0.5918444395065308,0.6045663952827454,0.6758936643600464,0.5840468406677246,0.5825164318084717,0.5778369903564453,0.5717518925666809,-0.10767648369073868
0.4545,0.5017327666282654,0.5701296925544739,0.5050520896911621,0.585067629814148,0.5495448112487793,0.44533059000968933,0.5881546139717102,0.6006123423576355,0.6502900123596191,0.5839834213256836,0.5814988613128662,0.5775545835494995,0.5710509419441223,-0.10767648369073868
0.4394,0.5169749855995178,0.5630767345428467,0.5020038485527039,0.5680001378059387,0.6356494426727295,0.6676757335662842,0.5859347581863403,0.598807692527771,0.6272357702255249,0.5839154720306396,0.5806483030319214,0.5773129463195801,0.5701780319213867,-0.10767648369073868
0.4394,0.5208200812339783,0.556983470916748,0.4924256205558777,0.6569409370422363,0.6245839595794678,0.5152339339256287,0.5838822722434998,0.5956625938415527,0.5977445840835571,0.5838531255722046,0.5796558856964111,0.5769636631011963,0.5695142149925232,-0.10767648369073868
0.4242,0.514736533164978,0.5532628893852234,0.4789665937423706,0.5558087229728699,0.5154283046722412,0.47396862506866455,0.5839887261390686,0.5936447978019714,0.5757824182510376,0.5837903618812561,0.578700602054596,0.5767207145690918,0.5688052773475647,-0.10767648369073868
0.4242,0.513372540473938,0.5431662201881409,0.46385079622268677,0.633630096912384,0.5275434255599976,0.5051294565200806,0.5833307504653931,0.591448187828064,0.5561087131500244,0.5837297439575195,0.5779137015342712,0.5764095783233643,0.568169891834259,-0.10767648369073868
0.4242,0.5187369585037231,0.5525522828102112,0.4692974090576172,0.6007211208343506,0.6321890354156494,0.3734835982322693,0.580498456954956,0.5910505652427673,0.5396815538406372,0.5836766958236694,0.5774374008178711,0.5762686133384705,0.5679636001586914,-0.10767648369073868
0.4242,0.5151849985122681,0.5567232370376587,0.46191006898880005,0.6512467265129089,0.5254711508750916,0.4830703139305115,0.5835403800010681,0.5936789512634277,0.5388513803482056,0.5836303234100342,0.576708197593689,0.5760458111763,0.5674858689308167,-0.10767648369073868
0.4242,0.525160014629364,0.5594038367271423,0.4499608874320984,0.6132108569145203,0.5136281251907349,0.5068716406822205,0.5890781283378601,0.5983191728591919,0.5468302965164185,0.5835883617401123,0.5761292576789856,0.5758894681930542,0.5671999454498291,-0.10767648369073868
0.4394,0.530175507068634,0.5650490522384644,0.4475211501121521,0.4292955994606018,0.5989124774932861,0.43979912996292114,0.5925097465515137,0.6025499105453491,0.5513975620269775,0.5835723876953125,0.5758435130119324,0.5758193135261536,0.5671204924583435,-0.10767648369073868
0.4697,0.5498809814453125,0.5826305150985718,0.45427268743515015,0.49566519260406494,0.48110905289649963,0.5255799889564514,0.6027706265449524,0.6125526428222656,0.5669019222259521,0.5869784951210022,0.5837237238883972,0.5802412629127502,0.572851300239563,-0.10767648369073868
0.4848,0.5561292171478271,0.6025490760803223,0.4778316020965576,0.6208587288856506,0.5624005794525146,0.5635372996330261,0.6101812124252319,0.6218937635421753,0.5859943628311157,0.5870015025138855,0.5840445756912231,0.5803033709526062,0.5732201337814331,-0.10767648369073868
0.4848,0.5729443430900574,0.6149494647979736,0.49519962072372437,0.48245447874069214,0.5792926549911499,0.6184352040290833,0.6174376010894775,0.6311078667640686,0.6044203042984009,0.587026834487915,0.5843766927719116,0.5804325342178345,0.5736063718795776,-0.10767648369073868
0.5,0.5797569155693054,0.6213988661766052,0.5043978691101074,0.5053043961524963,0.5731525421142578,0.5806731581687927,0.6237150430679321,0.6387906074523926,0.6245032548904419,0.5870640277862549,0.5847252607345581,0.5805613994598389,0.5741149187088013,-0.10767648369073868
0.5,0.5956605076789856,0.624658465385437,0.515094518661499,0.559090256690979,0.5499953031539917,0.5252766013145447,0.6307772397994995,0.6447230577468872,0.6468100547790527,0.5871083736419678,0.5851249694824219,0.5806976556777954,0.5745575428009033,-0.10767648369073868
0.5152,0.5918198227882385,0.6243889331817627,0.516826868057251,0.6433609127998352,0.655184268951416,0.6944765448570251,0.635627031326294,0.6480563282966614,0.6728435754776001,0.5871488451957703,0.5855739712715149,0.5808471441268921,0.5750579833984375,-0.10767648369073868
0.5152,0.5894424915313721,0.6255905628204346,0.5292274951934814,0.6223162412643433,0.6462627649307251,0.4471624791622162,0.6378946304321289,0.6481493711471558,0.6912020444869995,0.5871968865394592,0.5860335230827332,0.5810915231704712,0.5754689574241638,-0.10767648369073868
0.5152,0.5899525284767151,0.6236581802368164,0.5403598546981812,0.5378366112709045,0.6580808162689209,0.6164352893829346,0.6382008790969849,0.6449884176254272,0.7030872106552124,0.5872211456298828,0.5864418745040894,0.581304132938385,0.5757175087928772,-0.10767648369073868
0.5,0.5846164226531982,0.6169372797012329,0.5425251126289368,0.5965697169303894,0.5581214427947998,0.5285401344299316,0.6371082663536072,0.6403810381889343,0.7128287553787231,0.5872576236724854,0.5868363380432129,0.5813907384872437,0.5761089324951172,-0.10767648369073868
0.4848,0.5643833875656128,0.608210027217865,0.531789243221283,0.6476808190345764,0.673311710357666,0.5157680511474609,0.6343047618865967,0.6338741779327393,0.7165307998657227,0.5872836112976074,0.5870772004127502,0.5815308094024658,0.5762962102890015,-0.10767648369073868
0.4697,0.5472622513771057,0.5942919254302979,0.5177076458930969,0.649763822555542,0.5342824459075928,0.5227222442626953,0.6293078660964966,0.6270112991333008,0.7169705629348755,0.5873048305511475,0.5872863531112671,0.5816274285316467,0.576424241065979,-0.10767648369073868
0.4545,0.5324879884719849,0.5837559700012207,0.5018021464347839,0.6577702164649963,0.4670248329639435,0.5309969782829285,0.6222978234291077,0.619021475315094,0.7153455018997192,0.5873181819915771,0.5874033570289612,0.5816338062286377,0.5764685869216919,-0.10767648369073868
0.4545,0.5268345475196838,0.5711565613746643,0.48016899824142456,0.5272132754325867,0.5606719255447388,0.4967525601387024,0.6141846776008606,0.6105341911315918,0.7106138467788696,0.5873231887817383,0.5874353051185608,0.5815994739532471,0.5762746930122375,-0.10767648369073868
0.4091,0.5278816819190979,0.5723592638969421,0.46969783306121826,0.4745817184448242,0.6118590831756592,0.5358864665031433,0.6073802709579468,0.6048039793968201,0.7077648639678955,0.5873291492462158,0.5874776840209961,0.5815224647521973,0.5761978030204773,-0.10767648369073868
0.4091,0.5174587965011597,0.5540639758110046,0.4408288598060608,0.7340174317359924,0.41043612360954285,0.46948108077049255,0.5964804887771606,0.5946613550186157,0.6831789016723633,0.5873069763183594,0.5872728824615479,0.5814502239227295,0.5756866931915283,-0.10767648369073868
0.3939,0.5156158208847046,0.5482469797134399,0.43562179803848267,0.48990869522094727,0.4961763620376587,0.5549933910369873,0.5867813229560852,0.5854125022888184,0.6552995443344116,0.5872634649276733,0.5867419242858887,0.5812481641769409,0.575212836265564,-0.10767648369073868
0.3939,0.5109823346138,0.5390598773956299,0.4257904887199402,0.5107898116111755,0.43839889764785767,0.3764961361885071,0.5784792900085449,0.5758635997772217,0.6218408346176147,0.5872174501419067,0.5860956907272339,0.5809348225593567,0.5745542049407959,-0.10767648369073868
0.3939,0.5099644660949707,0.5346975326538086,0.42314964532852173,0.49683308601379395,0.627467155456543,0.48068296909332275,0.5728814005851746,0.5697181820869446,0.5915595293045044,0.5871602296829224,0.5853210687637329,0.5807287096977234,0.5737600922584534,-0.10767648369073868
0.3788,0.5134161114692688,0.5396372675895691,0.4220888018608093,0.5391722321510315,0.5800474882125854,0.4141009449958801,0.5694732666015625,0.5669224262237549,0.5624741315841675,0.5871095657348633,0.5846288204193115,0.5804785490036011,0.5730767250061035,-0.10767648369073868
0.3636,0.5147771835327148,0.535171627998352,0.4164223074913025,0.3834625482559204,0.5041763782501221,0.4564158320426941,0.5677970051765442,0.5654672980308533,0.5293382406234741,0.5870538949966431,0.5838154554367065,0.5802455544471741,0.5724648833274841,-0.10767648369073868
0.3788,0.5212494134902954,0.5297983884811401,0.40040576457977295,0.5221158862113953,0.5802836418151855,0.3557635247707367,0.5656713843345642,0.5646995902061462,0.4958975613117218,0.5869941711425781,0.5830063819885254,0.5799192786216736,0.5720638632774353,-0.10767648369073868
0.3939,0.5173647403717041,0.5363004207611084,0.4044393301010132,0.5437954664230347,0.5003856420516968,0.4742096960544586,0.5660703182220459,0.5661167502403259,0.4782876670360565,0.5869550108909607,0.5823891162872314,0.5796990394592285,0.5717179775238037,-0.10767648369073868
0.3636,0.5271116495132446,0.5452920198440552,0.41249680519104004,0.5202615857124329,0.4440055787563324,0.5454700589179993,0.5688626766204834,0.5704755783081055,0.47426024079322815,0.5869196057319641,0.5819271206855774,0.5796114206314087,0.5713940262794495,-0.10767648369073868
0.4091,0.5184685587882996,0.5274356603622437,0.39399486780166626,0.5028510689735413,0.4190366268157959,0.5318364500999451,0.5693709254264832,0.5711634159088135,0.4703759253025055,0.5868763327598572,0.581261396408081,0.579419732093811,0.5710979700088501,-0.10767648369073868
0.4242,0.5260356068611145,0.5421162843704224,0.416701078414917,0.5502618551254272,0.5379163026809692,0.4853758215904236,0.5733031034469604,0.5748751163482666,0.48259827494621277,0.586844801902771,0.5809611678123474,0.5793505907058716,0.57118821144104,-0.10767648369073868
0.4545,0.5154672861099243,0.5513975024223328,0.4305492639541626,0.5474055409431458,0.6121183633804321,0.43101561069488525,0.5785140991210938,0.5784132480621338,0.49909135699272156,0.5868353843688965,0.5808342099189758,0.5792735815048218,0.5711137056350708,-0.10767648369073868
0.4848,0.5345973968505859,0.5719916820526123,0.45504987239837646,0.4983065128326416,0.42765456438064575,0.3868514895439148,0.5867833495140076,0.5857579708099365,0.5197547674179077,0.586833655834198,0.5809475779533386,0.5794026255607605,0.5713920593261719,-0.10767648369073868
0.5,0.5591800808906555,0.5997370481491089,0.4940788149833679,0.45320212841033936,0.5404956936836243,0.6052588224411011,0.5970273017883301,0.5944551229476929,0.5387753844261169,0.5868622064590454,0.5814216136932373,0.5795371532440186,0.5717382431030273,-0.10767648369073868
0.5152,0.5729088187217712,0.6059569716453552,0.5151163935661316,0.7202110886573792,0.6145408153533936,0.6078145503997803,0.6070107221603394,0.60215163230896,0.5527559518814087,0.5868938565254211,0.5817050933837891,0.5797366499900818,0.5720403790473938,-0.10767648369073868
0.5303,0.5871921181678772,0.6181994080543518,0.5296487212181091,0.4108402729034424,0.5992294549942017,0.5324428081512451,0.6159346103668213,0.6110802888870239,0.5620647668838501,0.5869370698928833,0.5823695063591003,0.5799638032913208,0.5725538730621338,-0.10767648369073868
0.5455,0.5956486463546753,0.6227185726165771,0.5480386018753052,0.5764307379722595,0.6842832565307617,0.7193236351013184,0.6235033273696899,0.6178379058837891,0.5718940496444702,0.5870012044906616,0.5831915140151978,0.5802621841430664,0.5732622146606445,-0.10767648369073868
0.5303,0.6164230108261108,0.6277457475662231,0.5595887899398804,0.6776983737945557,0.4763248860836029,0.5151770710945129,0.6301591396331787,0.6241574883460999,0.5832259654998779,0.5870590209960938,0.5840135812759399,0.5805565118789673,0.574004590511322,-0.10767648369073868
0.5152,0.596784770488739,0.6231460571289062,0.5525094270706177,0.6205995678901672,0.5644296407699585,0.5841709971427917,0.6344289183616638,0.6271511316299438,0.6006103754043579,0.5871198773384094,0.5846973061561584,0.5808113813400269,0.5745757818222046,-0.10767648369073868
0.5,0.5788977742195129,0.6150141954421997,0.539411187171936,0.6848060488700867,0.606424868106842,0.6380157470703125,0.6361096501350403,0.6264959573745728,0.6172658205032349,0.5871555805206299,0.5853409767150879,0.5810625553131104,0.5750110745429993,-0.10767648369073868
0.4848,0.5567387938499451,0.5955738425254822,0.5193579196929932,0.58234703540802,0.5871449708938599,0.6493667364120483,0.634820282459259,0.623801589012146,0.6383094787597656,0.5871850252151489,0.5858262777328491,0.5811779499053955,0.5751740336418152,-0.10767648369073868
0.4848,0.5332655310630798,0.5835814476013184,0.5077120065689087,0.5236520171165466,0.5239641666412354,0.5572931170463562,0.6318495869636536,0.6202468276023865,0.6611675024032593,0.5872134566307068,0.5861496925354004,0.5813610553741455,0.5753602385520935,-0.10767648369073868
0.4545,0.537242591381073,0.5795753002166748,0.5048158764839172,0.5825448632240295,0.5850880146026611,0.45684561133384705,0.6287225484848022,0.6168290376663208,0.6822807788848877,0.5872315168380737,0.58648282289505,0.5815249681472778,0.5752323269844055,-0.10767648369073868
0.4545,0.5216919779777527,0.5594700574874878,0.47993606328964233,0.7011148929595947,0.6395808458328247,0.4246714413166046,0.6226940751075745,0.6099454760551453,0.6856997013092041,0.5872349739074707,0.5865419507026672,0.5814800262451172,0.5752445459365845,-0.10767648369073868
0.4545,0.5203860998153687,0.5596698522567749,0.4775245785713196,0.5947811603546143,0.4660337269306183,0.6587503552436829,0.6164273023605347,0.6075862646102905,0.6991043090820312,0.5872455835342407,0.5867833495140076,0.5815419554710388,0.5753482580184937,-0.10767648369073868
0.4545,0.519056499004364,0.5598902106285095,0.48544079065322876,0.5188344120979309,0.516899824142456,0.4966561496257782,0.6103061437606812,0.604989767074585,0.6955417394638062,0.5872482657432556,0.5869051218032837,0.5814885497093201,0.5752381682395935,-0.10767648369073868
0.4545,0.5209497809410095,0.5641839504241943,0.4886336922645569,0.5647667646408081,0.5569033622741699,0.511134922504425,0.6043401956558228,0.6043291091918945,0.6869664192199707,0.587239146232605,0.58698970079422,0.5815340280532837,0.5750964879989624,-0.10767648369073868
0.4545,0.5258898735046387,0.5698311924934387,0.49655407667160034,0.6145200729370117,0.4651964008808136,0.4415980577468872,0.600665271282196,0.6058803796768188,0.6780712604522705,0.5872243642807007,0.5868107676506042,0.581460177898407,0.5748906135559082,-0.10767648369073868
0.4394,0.5301991701126099,0.5723100900650024,0.5020133256912231,0.5934100151062012,0.5245749950408936,0.5416336059570312,0.5998556613922119,0.60883629322052,0.6732904314994812,0.5872025489807129,0.5865234136581421,0.5813621878623962,0.5747941136360168,-0.10767648369073868
0.4394,0.5286674499511719,0.5664974451065063,0.49062198400497437,0.48286521434783936,0.6195231676101685,0.5353723168373108,0.5989489555358887,0.6108294725418091,0.6654491424560547,0.5874742269515991,0.586593747138977,0.581634521484375,0.5750814080238342,-0.10767648369073868
0.4394,0.5315741300582886,0.5694257020950317,0.4866853356361389,0.5572595000267029,0.5346502065658569,0.4483972191810608,0.6018111109733582,0.614628791809082,0.6635533571243286,0.5888288021087646,0.5894221067428589,0.5831844806671143,0.5771660804748535,-0.10767648369073868
0.4394,0.5352934002876282,0.5765272974967957,0.4854239225387573,0.662402868270874,0.5187113285064697,0.5311873555183411,0.6046814918518066,0.618144154548645,0.6666731834411621,0.588791012763977,0.5890412926673889,0.5831060409545898,0.5769253969192505,-0.10767648369073868
0.4394,0.5400822758674622,0.5744202733039856,0.4770454168319702,0.5004693865776062,0.6061121225357056,0.4665914475917816,0.6094727516174316,0.6220405101776123,0.673529863357544,0.5887472629547119,0.5885202288627625,0.582963764667511,0.5765812397003174,-0.10767648369073868
0.4545,0.5395678877830505,0.5777741074562073,0.47110241651535034,0.4313475489616394,0.4238569736480713,0.659631609916687,0.6137949228286743,0.625109851360321,0.6792793273925781,0.5887113809585571,0.5881413817405701,0.5828656554222107,0.5764236450195312,-0.10767648369073868
0.4848,0.5482479333877563,0.5827338695526123,0.47831040620803833,0.4659583568572998,0.6999779939651489,0.538666844367981,0.6191995739936829,0.6297579407691956,0.6920158863067627,0.5886943340301514,0.5880357623100281,0.5828578472137451,0.5763518810272217,-0.10767648369073868
0.5,0.5655767917633057,0.6014038324356079,0.506476879119873,0.5581216812133789,0.48640090227127075,0.5730195641517639,0.625939130783081,0.6371864080429077,0.7134276628494263,0.5886954665184021,0.5881874561309814,0.5828560590744019,0.5766613483428955,-0.10767648369073868
0.5303,0.5808160305023193,0.616209864616394,0.5230159163475037,0.7172415256500244,0.5881322622299194,0.5649431347846985,0.6320164799690247,0.6447885036468506,0.7333724498748779,0.5887154936790466,0.5884602665901184,0.5830584764480591,0.576938807964325,-0.10767648369073868
0.6212,0.6187467575073242,0.637086033821106,0.5493841171264648,0.533248782157898,0.6497907638549805,0.509718656539917,0.6395863890647888,0.6528118252754211,0.752417802810669,0.5887452363967896,0.5889133214950562,0.5831958651542664,0.5773309469223022,-0.10767648369073868
0.6212,0.7030041813850403,0.68216872215271,0.6091976165771484,0.5409125685691833,0.6744780540466309,0.5738363862037659,0.6481659412384033,0.662514328956604,0.7533613443374634,0.588824987411499,0.5901604890823364,0.5835366249084473,0.5782889127731323,-0.10767648369073868
0.6212,0.6997913122177124,0.6983019113540649,0.6236340999603271,0.6327890157699585,0.7958135604858398,0.6158053278923035,0.6553958654403687,0.6696048974990845,0.7481597661972046,0.5889223217964172,0.5913048982620239,0.5838955044746399,0.5791884660720825,-0.10767648369073868
0.6061,0.6985076665878296,0.6999393701553345,0.6316385865211487,0.6006746888160706,0.69907546043396,0.7559989094734192,0.6599276065826416,0.6738885641098022,0.7389618158340454,0.5890019536018372,0.5922403335571289,0.5843421816825867,0.5800569653511047,-0.10767648369073868
0.6212,0.6902221441268921,0.6944249272346497,0.6380813717842102,0.841616153717041,0.6252833008766174,0.7390917539596558,0.6621189713478088,0.6747170686721802,0.7337191104888916,0.5890794992446899,0.5931648015975952,0.5846244096755981,0.5808469653129578,-0.10767648369073868
0.5455,0.6952647566795349,0.6818525791168213,0.6320386528968811,0.8479931354522705,0.7070722579956055,0.6993781328201294,0.6629629135131836,0.6726822853088379,0.7334778308868408,0.5891512632369995,0.5940462946891785,0.5849411487579346,0.581594705581665,-0.10767648369073868
0.5303,0.6210229396820068,0.6599119901657104,0.5888270735740662,0.7308070659637451,0.9041265249252319,0.5880036354064941,0.6603045463562012,0.6660335063934326,0.7371557950973511,0.5891932249069214,0.5943796038627625,0.5851318836212158,0.5818687677383423,-0.10767648369073868
0.5303,0.6014614701271057,0.6318086981773376,0.566528856754303,0.6233346462249756,0.6389883756637573,0.6744693517684937,0.6535518765449524,0.6558883786201477,0.7364394664764404,0.5892100930213928,0.5946319103240967,0.5853773355484009,0.5820153951644897,-0.10767648369073868
0.5303,0.6088838577270508,0.6240173578262329,0.5645597577095032,0.7218272686004639,0.4453558623790741,0.546824038028717,0.6465482711791992,0.6454064846038818,0.7360377311706543,0.5892171859741211,0.5950062274932861,0.5853996276855469,0.5821048021316528,-0.10767648369073868
0.5152,0.5938217043876648,0.613814115524292,0.5504201054573059,0.6348201632499695,0.6605046987533569,0.5258076190948486,0.6393905878067017,0.6353079676628113,0.7364010810852051,0.5892314314842224,0.595298171043396,0.5854438543319702,0.5821707248687744,-0.10767648369073868
0.5152,0.5823118686676025,0.6116992235183716,0.5454846024513245,0.6463335156440735,0.6631745100021362,0.5551592707633972,0.6314250230789185,0.6271705031394958,0.7334184646606445,0.5892410278320312,0.5955188870429993,0.5855612754821777,0.5821243524551392,-0.10767648369073868
0.5152,0.5929592251777649,0.6074559092521667,0.55495285987854,0.6960031986236572,0.5379079580307007,0.6741745471954346,0.6232658624649048,0.6225285530090332,0.7287970781326294,0.5892519950866699,0.5957888960838318,0.5856020450592041,0.5820996761322021,-0.10767648369073868
0.5303,0.6001637578010559,0.6063129901885986,0.5620987415313721,0.5374016761779785,0.5275996923446655,0.6171866059303284,0.6156148314476013,0.6191643476486206,0.7188951969146729,0.5892571210861206,0.5959364771842957,0.5855876803398132,0.5820387601852417,-0.10767648369073868
0.5152,0.6020318865776062,0.6067532896995544,0.5626306533813477,0.6157119274139404,0.6395288705825806,0.8166078925132751,0.6109156608581543,0.6191378831863403,0.7095910310745239,0.5892642736434937,0.5960433483123779,0.5855119228363037,0.5817924737930298,-0.10767648369073868
0.5152,0.5938482880592346,0.611973762512207,0.5664600729942322,0.5870928764343262,0.5220030546188354,0.6681974530220032,0.606005847454071,0.619723916053772,0.6998032331466675,0.5892598032951355,0.596064567565918,0.5855120420455933,0.5818124413490295,-0.10767648369073868
0.5303,0.6013832092285156,0.618753969669342,0.5779420137405396,0.487784206867218,0.6730700731277466,0.4861506521701813,0.6026756167411804,0.6214337348937988,0.6901766061782837,0.5892270803451538,0.595857560634613,0.5854111313819885,0.5815739035606384,-0.10767648369073868
0.5303,0.6116917133331299,0.6258845925331116,0.59343421459198,0.5759751200675964,0.5521820187568665,0.45027583837509155,0.6057041883468628,0.6244466304779053,0.6854101419448853,0.5891760587692261,0.595187783241272,0.5851272940635681,0.5811923742294312,-0.10767648369073868
0.5152,0.6024145483970642,0.6274405717849731,0.5844593048095703,0.6707968711853027,0.6374004483222961,0.6595280170440674,0.6104562878608704,0.6280969977378845,0.6881091594696045,0.5891228318214417,0.5946074724197388,0.5849506258964539,0.5806727409362793,-0.10767648369073868
0.5152,0.5937137007713318,0.6290668845176697,0.5805844664573669,0.6054885983467102,0.6475556492805481,0.5246490240097046,0.6146304607391357,0.6315588355064392,0.692873477935791,0.5890741944313049,0.5939347147941589,0.5847635269165039,0.5802373290061951,-0.10767648369073868
0.5152,0.6001215577125549,0.6355913281440735,0.577721357345581,0.6431252956390381,0.5540460348129272,0.5801068544387817,0.6201131939888,0.6354963779449463,0.6995230913162231,0.5890447497367859,0.5934250354766846,0.584648609161377,0.5799763202667236,-0.10767648369073868
0.5152,0.6020702719688416,0.636366605758667,0.5611193776130676,0.6108222603797913,0.7809394598007202,0.5948982238769531,0.6276435852050781,0.6393099427223206,0.7088513374328613,0.5890145301818848,0.5929383039474487,0.5844894647598267,0.5797034502029419,-0.10767648369073868
0.5152,0.5983150005340576,0.6350399255752563,0.5496416091918945,0.5234959721565247,0.7390536069869995,0.5076806545257568,0.6313059329986572,0.6417086124420166,0.7128390073776245,0.5890169143676758,0.5929116010665894,0.5844776630401611,0.579830527305603,-0.10767648369073868
0.5455,0.605129599571228,0.6422789096832275,0.5502987504005432,0.6003693342208862,0.635830283164978,0.6542114615440369,0.6335263252258301,0.6448020935058594,0.716292142868042,0.5890322923660278,0.5930927395820618,0.5845013856887817,0.5800969004631042,-0.10767648369073868
0.5606,0.6409510374069214,0.6554664373397827,0.5662303566932678,0.6296890377998352,0.7391942739486694,0.6497013568878174,0.6371126174926758,0.6493200063705444,0.7220187187194824,0.5890692472457886,0.5935096144676208,0.5846120119094849,0.5804311633110046,-0.10767648369073868
0.6061,0.659356415271759,0.6689229607582092,0.5776717066764832,0.6231778264045715,0.6768975257873535,0.5652300715446472,0.6417350769042969,0.6549964547157288,0.7302651405334473,0.5891041159629822,0.5940581560134888,0.5847170352935791,0.5808621644973755,-0.10767648369073868
0.5909,0.6959744095802307,0.6916928887367249,0.6046342253684998,0.6636000275611877,0.6365560293197632,0.7182760834693909,0.6459740400314331,0.6610373258590698,0.7405526638031006,0.5891727209091187,0.5948933362960815,0.5849370956420898,0.5814924836158752,-0.10767648369073868
0.6212,0.6854568719863892,0.6978174448013306,0.6165363788604736,0.6144237518310547,0.7089084386825562,0.6191199421882629,0.6490004062652588,0.6647703051567078,0.7527456283569336,0.589231014251709,0.5955632328987122,0.5851470232009888,0.581953763961792,-0.10767648369073868
0.6061,0.703658401966095,0.7025662660598755,0.6333487033843994,0.6694821119308472,0.6533754467964172,0.6401467323303223,0.6513011455535889,0.6675293445587158,0.7669385671615601,0.5892918109893799,0.5962464809417725,0.5853700637817383,0.5825753211975098,-0.10767648369073868
0.6061,0.6864132285118103,0.6999595165252686,0.6331676840782166,0.7134705781936646,0.7353932857513428,0.6948403120040894,0.6539621353149414,0.668791651725769,0.7808479070663452,0.589353084564209,0.5967975854873657,0.5855129957199097,0.5830456018447876,-0.10767648369073868
0.6061,0.685191810131073,0.6900832056999207,0.6276363730430603,0.6285855174064636,0.7611976861953735,0.8223886489868164,0.6545973420143127,0.6680654883384705,0.7941079139709473,0.5894026160240173,0.5973142385482788,0.5857789516448975,0.5834092497825623,-0.10767648369073868
0.5303,0.6856480836868286,0.6916388273239136,0.6383768320083618,0.5031725764274597,0.6263418197631836,0.8291653990745544,0.6539468765258789,0.6657285690307617,0.8021436929702759,0.5894487500190735,0.5978161096572876,0.585898756980896,0.5839072465896606,-0.10767648369073868
0.5152,0.6102917790412903,0.6635578870773315,0.5911756157875061,0.6988167762756348,0.7280232906341553,0.6216650009155273,0.650566041469574,0.6601289510726929,0.803657054901123,0.5894621014595032,0.5977573394775391,0.5859493017196655,0.5840283036231995,-0.10767648369073868
0.5,0.5899734497070312,0.6394425630569458,0.5665717720985413,0.6704137325286865,0.6517022252082825,0.5941270589828491,0.6450615525245667,0.6525158882141113,0.7978399991989136,0.5894469022750854,0.5975388288497925,0.5859235525131226,0.5839595794677734,-0.10767648369073868
0.4848,0.567720353603363,0.6240106821060181,0.5498794317245483,0.514772355556488,0.6885828971862793,0.5650065541267395,0.6378229260444641,0.6440114974975586,0.7880496978759766,0.5894415974617004,0.5974868535995483,0.5858502388000488,0.5837901830673218,-0.10767648369073868
0.4848,0.5562605857849121,0.6071426868438721,0.5195451974868774,0.5580000877380371,0.5617963075637817,0.5715643167495728,0.6297016739845276,0.635794460773468,0.7747371196746826,0.5894142389297485,0.5971642732620239,0.5858141779899597,0.5834852457046509,-0.10767648369073868
0.4545,0.5514430999755859,0.5999466776847839,0.5142987370491028,0.5476168394088745,0.6120218634605408,0.49263763427734375,0.6220448017120361,0.6295467019081116,0.7619893550872803,0.5893924832344055,0.5968953371047974,0.5856603384017944,0.5830928683280945,-0.10767648369073868
0.4545,0.5337405204772949,0.58243727684021,0.49293428659439087,0.5507497787475586,0.4552032947540283,0.41938844323158264,0.6123412847518921,0.6217461824417114,0.7414065599441528,0.5897098779678345,0.5971553325653076,0.5858621597290039,0.5833117961883545,-0.10767648369073868
0.4545,0.5341777205467224,0.5720484256744385,0.48307979106903076,0.5660955905914307,0.639551043510437,0.4378463625907898,0.6037434339523315,0.6169278621673584,0.7221763134002686,0.5901654958724976,0.5980364084243774,0.5862992405891418,0.5835856795310974,-0.10767648369073868
0.4394,0.5314176678657532,0.5773047208786011,0.4929673671722412,0.619963526725769,0.5334244966506958,0.5121229887008667,0.5978570580482483,0.6137157082557678,0.7021853923797607,0.5901197195053101,0.5974660515785217,0.5860347151756287,0.5829962491989136,-0.10767648369073868
0.4242,0.5330331921577454,0.570457935333252,0.48423701524734497,0.6462002992630005,0.4581560790538788,0.5301506519317627,0.5927534103393555,0.610882043838501,0.676535427570343,0.590056300163269,0.5965667963027954,0.5858250856399536,0.5822355151176453,-0.10767648369073868
0.4394,0.5293294787406921,0.5582090020179749,0.4744880795478821,0.5429823994636536,0.6435996294021606,0.5276023745536804,0.5899085998535156,0.6079100966453552,0.649715781211853,0.5899622440338135,0.595291793346405,0.5853725671768188,0.5812804698944092,-0.10767648369073868
0.4091,0.5331752300262451,0.5696699023246765,0.48678892850875854,0.5043467283248901,0.5468724966049194,0.5091471672058105,0.5900960564613342,0.6086998581886292,0.640259861946106,0.5898965001106262,0.5944492816925049,0.5850467681884766,0.5807237029075623,-0.10767648369073868
0.4242,0.5224694013595581,0.5547945499420166,0.4603099226951599,0.5914320945739746,0.509759783744812,0.4169275164604187,0.5906798839569092,0.6081939339637756,0.6323655843734741,0.5898021459579468,0.5932466387748718,0.5846495032310486,0.5798819661140442,-0.10767648369073868
0.4091,0.5325314402580261,0.5678993463516235,0.46600663661956787,0.513090193271637,0.5239226818084717,0.43468141555786133,0.5930724143981934,0.610558032989502,0.6383589506149292,0.5897239446640015,0.5921840667724609,0.5843754410743713,0.5793089866638184,-0.10767648369073868
0.4545,0.5407818555831909,0.5716360807418823,0.4606449007987976,0.5750828385353088,0.529809832572937,0.49800029397010803,0.5970040559768677,0.6123232841491699,0.6416152715682983,0.5896640419960022,0.5912078619003296,0.58407062292099,0.5787261724472046,-0.10767648369073868
0.4848,0.5673975348472595,0.5924329161643982,0.4667757749557495,0.6227908134460449,0.6904792785644531,0.37461215257644653,0.6076095104217529,0.6217814683914185,0.6640094518661499,0.5896201133728027,0.5906839966773987,0.5838454961776733,0.5784794092178345,-0.10767648369073868
0.5,0.5835165977478027,0.6233248710632324,0.49788111448287964,0.5366014838218689,0.5001199245452881,0.5160300731658936,0.6176066994667053,0.6336420774459839,0.6749288439750671,0.5896425247192383,0.5909290909767151,0.5838022232055664,0.5787591934204102,-0.10767648369073868
0.5152,0.6032593846321106,0.6359311938285828,0.5110939741134644,0.5969710350036621,0.5836710929870605,0.5084227919578552,0.6271912455558777,0.6461387872695923,0.6826173067092896,0.5896679759025574,0.5911986827850342,0.5839641690254211,0.5790131688117981,-0.10767648369073868
0.5303,0.6285151243209839,0.6513350605964661,0.5319328308105469,0.5321996808052063,0.8421125411987305,0.6155579686164856,0.6360212564468384,0.6571553945541382,0.6945174932479858,0.5897045135498047,0.591678261756897,0.5840463638305664,0.5794457197189331,-0.10767648369073868
0.5303,0.6391636729240417,0.6558774709701538,0.5459094643592834,0.597792387008667,0.6839568614959717,0.5997692346572876,0.6434365510940552,0.6652094721794128,0.7084267139434814,0.5897608995437622,0.5922858715057373,0.5842176675796509,0.5800747871398926,-0.10767648369073868
0.5303,0.6244391798973083,0.6516579389572144,0.5456966161727905,0.6226740479469299,0.6643927097320557,0.6480857133865356,0.6489431858062744,0.6681857705116272,0.7231236696243286,0.5898034572601318,0.592610776424408,0.5844032168388367,0.5804233551025391,-0.10767648369073868
0.5303,0.6200563311576843,0.6438273787498474,0.551072359085083,0.543131947517395,0.6919643878936768,0.522773265838623,0.6507145166397095,0.6667206883430481,0.7327053546905518,0.5898451805114746,0.5930320024490356,0.5846682190895081,0.5807828307151794,-0.10767648369073868
0.5152,0.623630940914154,0.6418973207473755,0.5577754378318787,0.7182981967926025,0.714049220085144,0.6389852166175842,0.6513713002204895,0.6619795560836792,0.7406913042068481,0.589881420135498,0.5935589075088501,0.5848063230514526,0.581290602684021,-0.10767648369073868
0.5152,0.5965856313705444,0.6261391639709473,0.5405255556106567,0.8091243505477905,0.5784851312637329,0.5472270846366882,0.6500571966171265,0.6540030241012573,0.7474827766418457,0.5899180173873901,0.5938690900802612,0.5849217772483826,0.581611156463623,-0.10767648369073868
0.5,0.5920189023017883,0.6261065602302551,0.5434216856956482,0.5759546160697937,0.503615140914917,0.5609133243560791,0.6474140882492065,0.6466469764709473,0.7507973909378052,0.5899525880813599,0.5943328142166138,0.5851296782493591,0.5820090770721436,-0.10767648369073868
0.4848,0.583349883556366,0.6166583895683289,0.5327206254005432,0.6560644507408142,0.6261492967605591,0.5650115013122559,0.6429269313812256,0.6398349404335022,0.7538038492202759,0.5899938344955444,0.5948295593261719,0.5853190422058105,0.5823512673377991,-0.10767648369073868
0.4848,0.5698521733283997,0.6042376160621643,0.5153194665908813,0.5907832384109497,0.7221077680587769,0.5573776960372925,0.6373327374458313,0.6321457624435425,0.7463395595550537,0.5900129675865173,0.595085859298706,0.5853402614593506,0.5825932025909424,-0.10767648369073868
0.4545,0.5671744346618652,0.6022807359695435,0.5110749006271362,0.7023133635520935,0.46830642223358154,0.49243876338005066,0.6317411065101624,0.6289876699447632,0.7472573518753052,0.5900591611862183,0.5955711603164673,0.5854165554046631,0.5829119682312012,-0.10767648369073868
0.4394,0.5448275804519653,0.5853499174118042,0.48139631748199463,0.6515944600105286,0.49507051706314087,0.5187972187995911,0.6237360239028931,0.6232357025146484,0.7353472709655762,0.5900697708129883,0.5958108305931091,0.5854567289352417,0.5828607678413391,-0.10767648369073868
0.4242,0.5443673729896545,0.5776130557060242,0.4661186933517456,0.4864988327026367,0.48708584904670715,0.48795485496520996,0.614220142364502,0.6179583072662354,0.7230350971221924,0.5900594592094421,0.5959107875823975,0.5854599475860596,0.5826369524002075,-0.10767648369073868
0.4394,0.538153886795044,0.5716937780380249,0.45558375120162964,0.6207562685012817,0.5380197763442993,0.49871593713760376,0.6049470901489258,0.6103096008300781,0.697368860244751,0.5900301933288574,0.5955373644828796,0.5852525234222412,0.582280158996582,-0.10767648369073868
0.4242,0.5385305285453796,0.5732045769691467,0.45885366201400757,0.6812872886657715,0.6141526699066162,0.4775089621543884,0.5998337268829346,0.606853723526001,0.6856451034545898,0.5899876356124878,0.5950531959533691,0.5851048231124878,0.5816776752471924,-0.10767648369073868
0.4091,0.531764566898346,0.5714707374572754,0.45447975397109985,0.5176059007644653,0.6834322214126587,0.5050633549690247,0.5953262448310852,0.6038349866867065,0.67042076587677,0.5899384021759033,0.5943989753723145,0.5848793983459473,0.5810855031013489,-0.10767648369073868
0.3939,0.5322129130363464,0.5648502707481384,0.44848984479904175,0.5951562523841858,0.5594627857208252,0.4549417495727539,0.5917311310768127,0.6006588935852051,0.6491652727127075,0.5898798108100891,0.5936104655265808,0.5846999883651733,0.5805075764656067,-0.10767648369073868
0.3485,0.5290849208831787,0.5543204545974731,0.4401357173919678,0.5174561142921448,0.45872941613197327,0.42426228523254395,0.5887546539306641,0.5966545939445496,0.6238807439804077,0.5898088216781616,0.592589259147644,0.5843395590782166,0.579896867275238,-0.10767648369073868
0.3939,0.5113229751586914,0.5263811945915222,0.41077256202697754,0.3798913359642029,0.4169829785823822,0.5221590399742126,0.5818053483963013,0.5890744924545288,0.5777511596679688,0.5897336006164551,0.5914047956466675,0.5840337872505188,0.5791396498680115,-0.10767648369073868
0.4091,0.5253525376319885,0.5424963235855103,0.4248170852661133,0.44638651609420776,0.5115177631378174,0.37116116285324097,0.5802892446517944,0.5867186784744263,0.5564373731613159,0.5896642208099365,0.5906333923339844,0.583838939666748,0.5785448551177979,-0.10767648369073868
0.4091,0.5395835041999817,0.5568097233772278,0.43894052505493164,0.537354588508606,0.5111844539642334,0.4091753661632538,0.5829276442527771,0.5889290571212769,0.5476233959197998,0.5896233916282654,0.5901401042938232,0.5836213827133179,0.5780853629112244,-0.10767648369073868
0.4242,0.5431074500083923,0.5649600028991699,0.4361162781715393,0.5220550298690796,0.48162028193473816,0.4787771701812744,0.58650803565979,0.5923734307289124,0.5409243702888489,0.589582622051239,0.5896591544151306,0.5835107564926147,0.5779417157173157,-0.10767648369073868
0.4545,0.5543619990348816,0.5832391381263733,0.4435047507286072,0.5105273127555847,0.4820175766944885,0.6065176725387573,0.5926105380058289,0.5983694791793823,0.5448356866836548,0.5895610451698303,0.5894606113433838,0.5833778977394104,0.5779188871383667,-0.10767648369073868
0.4848,0.56153404712677,0.6002777814865112,0.4673148989677429,0.5346205830574036,0.5571357011795044,0.5035374164581299,0.600527822971344,0.6078484654426575,0.5611778497695923,0.589561402797699,0.5895532369613647,0.5833870768547058,0.578082799911499,-0.10767648369073868
0.5,0.5824312567710876,0.616930365562439,0.4872783422470093,0.5201343297958374,0.566260039806366,0.5719609260559082,0.6104012727737427,0.6200332045555115,0.5822352170944214,0.5895770788192749,0.5897698402404785,0.5834963321685791,0.5782450437545776,-0.10767648369073868
0.5152,0.5975832343101501,0.6308272480964661,0.5075077414512634,0.4889911413192749,0.5333454608917236,0.5803280472755432,0.6215967535972595,0.6321285963058472,0.6073051691055298,0.5896182060241699,0.5900587439537048,0.5836349725723267,0.5786446332931519,-0.10767648369073868
0.5303,0.6240385174751282,0.6392551064491272,0.5211752653121948,0.526401937007904,0.5787920951843262,0.5489328503608704,0.630852222442627,0.6421762704849243,0.627928614616394,0.5896628499031067,0.5906203389167786,0.5838834643363953,0.5791401863098145,-0.10767648369073868
0.5303,0.6327049136161804,0.6476808786392212,0.533749520778656,0.7292570471763611,0.6432095170021057,0.5350232720375061,0.6391479969024658,0.6496586203575134,0.646782398223877,0.5897117853164673,0.5913392901420593,0.5840259194374084,0.579831063747406,-0.10767648369073868
0.5303,0.6117095947265625,0.6475445032119751,0.544572114944458,0.7464480996131897,0.5456175804138184,0.5924783945083618,0.6449077129364014,0.6531041860580444,0.6663467884063721,0.5897672176361084,0.5919631719589233,0.5843396186828613,0.580437183380127,-0.10767648369073868
0.5152,0.6138988733291626,0.6382155418395996,0.5460259914398193,0.7116479873657227,0.6286343336105347,0.5898557305335999,0.6487830281257629,0.6517062187194824,0.6801385879516602,0.5897991061210632,0.5923662185668945,0.5845898389816284,0.5807104706764221,-0.10767648369073868
0.5,0.5978584885597229,0.62806236743927,0.5476813316345215,0.7489335536956787,0.6704702377319336,0.5283438563346863,0.6496495008468628,0.6470673084259033,0.6945170164108276,0.5898435711860657,0.5927927494049072,0.5847996473312378,0.5811774730682373,-0.10767648369073868
0.5,0.5697972178459167,0.6101347804069519,0.5283021330833435,0.571501612663269,0.6125198006629944,0.46130478382110596,0.648307204246521,0.640681803226471,0.7111120223999023,0.5898719429969788,0.5931190252304077,0.585014283657074,0.5813751816749573,-0.10767648369073868
0.4848,0.5654388666152954,0.5998122692108154,0.5206153392791748,0.6572463512420654,0.5415549278259277,0.47288578748703003,0.6452644467353821,0.6352167129516602,0.7293850183486938,0.5899056196212769,0.5936195254325867,0.5851312279701233,0.5817340612411499,-0.10767648369073868
0.4697,0.548137903213501,0.594136118888855,0.5177402496337891,0.606631875038147,0.5452359914779663,0.4370476007461548,0.6399766206741333,0.6310390830039978,0.7531014680862427,0.5902147889137268,0.5947984457015991,0.5856348276138306,0.5826505422592163,-0.10767648369073868
0.4242,0.5344077348709106,0.5830482840538025,0.5039085149765015,0.5940231680870056,0.5603526830673218,0.47777867317199707,0.6330313682556152,0.6256934404373169,0.7592462301254272,0.5904005169868469,0.5955356359481812,0.5860059857368469,0.582898736000061,-0.10767648369073868
0.4242,0.5180186629295349,0.5613625645637512,0.47223442792892456,0.46754294633865356,0.5195481777191162,0.48101645708084106,0.6221227645874023,0.61455237865448,0.7405710220336914,0.5903952717781067,0.5954005122184753,0.5859277844429016,0.5827580690383911,-0.10767648369073868
0.4394,0.5179431438446045,0.5480738878250122,0.46134519577026367,0.6039917469024658,0.46374210715293884,0.4351668357849121,0.6110751032829285,0.6049407720565796,0.7191957235336304,0.5903615951538086,0.5951958298683167,0.5859196782112122,0.5822931528091431,-0.10767648369073868
0.4091,0.5211102366447449,0.5548285245895386,0.4737764596939087,0.5047592520713806,0.596368670463562,0.41391295194625854,0.602501392364502,0.5999031066894531,0.7035603523254395,0.5903314352035522,0.5949385166168213,0.585699200630188,0.5819282531738281,-0.10767648369073868
0.4091,0.5108963251113892,0.5454372763633728,0.45989304780960083,0.4674018621444702,0.5456334352493286,0.5748007893562317,0.5932199954986572,0.5931532382965088,0.6746473908424377,0.5902831554412842,0.5943717360496521,0.5855419039726257,0.5813270807266235,-0.10767648369073868
0.3939,0.5119684934616089,0.5402655601501465,0.46059519052505493,0.5833789110183716,0.664741039276123,0.46720218658447266,0.5863522291183472,0.5890465974807739,0.648034930229187,0.5902101397514343,0.5934994220733643,0.5852803587913513,0.5804587602615356,-0.10767648369073868
0.4091,0.511454164981842,0.5350226759910583,0.45576852560043335,0.547700822353363,0.5400014519691467,0.43998104333877563,0.5806115865707397,0.5851551294326782,0.6155486106872559,0.5901341438293457,0.5925748944282532,0.5849299430847168,0.579758882522583,-0.10767648369073868
0.3939,0.5169258713722229,0.5400025844573975,0.45817142724990845,0.3753526210784912,0.4863238036632538,0.42138275504112244,0.5793626308441162,0.5854268074035645,0.5927921533584595,0.590059220790863,0.5916662812232971,0.5846971273422241,0.5788446664810181,-0.10767648369073868
0.3939,0.5217581987380981,0.5420653820037842,0.4493767023086548,0.6063700914382935,0.607073187828064,0.5804080367088318,0.5809945464134216,0.5874730348587036,0.5708931684494019,0.5899927616119385,0.5906866788864136,0.5843433737754822,0.5782050490379333,-0.10767648369073868
0.3636,0.530064582824707,0.5466722249984741,0.4435005187988281,0.5943188667297363,0.5223411321640015,0.31723567843437195,0.583740234375,0.5914030075073242,0.5512126684188843,0.589935302734375,0.589931309223175,0.5841596126556396,0.5778259634971619,-0.10767648369073868
0.3939,0.5248167514801025,0.5314972996711731,0.4175274670124054,0.4355813264846802,0.4902088940143585,0.38782799243927,0.5844401717185974,0.591555655002594,0.5254544019699097,0.5898661613464355,0.5890271663665771,0.5838592052459717,0.5771627426147461,-0.10767648369073868
0.4394,0.5292112827301025,0.5436496734619141,0.41909313201904297,0.5333024263381958,0.5123423337936401,0.4906363785266876,0.5872941017150879,0.5942138433456421,0.5218631029129028,0.5898123979568481,0.5885165929794312,0.5836562514305115,0.5769119262695312,-0.10767648369073868
0.4545,0.5457976460456848,0.5703139901161194,0.44643986225128174,0.5333943963050842,0.4401718080043793,0.38001343607902527,0.5943658351898193,0.6017635464668274,0.5353107452392578,0.5898023843765259,0.5885230302810669,0.5836079120635986,0.5768492817878723,-0.10767648369073868
0.4848,0.5476023554801941,0.5850269794464111,0.4677203297615051,0.5238085389137268,0.6930681467056274,0.48893046379089355,0.6034517884254456,0.610783576965332,0.5545040369033813,0.5897912979125977,0.5883855223655701,0.5836421847343445,0.5769246220588684,-0.10767648369073868
0.5303,0.5741733908653259,0.6071771383285522,0.49896240234375,0.47753340005874634,0.581139326095581,0.47314152121543884,0.6137939691543579,0.6214612126350403,0.5710024833679199,0.5898107886314392,0.5885806083679199,0.5837349891662598,0.5771971344947815,-0.10767648369073868
0.5455,0.6225286722183228,0.6345887184143066,0.5368890166282654,0.670095682144165,0.5529980659484863,0.6588428020477295,0.6260591149330139,0.6327531337738037,0.5874528884887695,0.5898540019989014,0.5892734527587891,0.5838652849197388,0.5777388215065002,-0.10767648369073868
0.6212,0.6356601715087891,0.649162769317627,0.5583049058914185,0.5212333798408508,0.6770060062408447,0.5770673751831055,0.6357458829879761,0.6436548233032227,0.6006002426147461,0.5899280309677124,0.5901389122009277,0.5841792225837708,0.5785282254219055,-0.10767648369073868
0.6061,0.7013301253318787,0.6877753138542175,0.6039906740188599,0.48617857694625854,0.6710479259490967,0.6742040514945984,0.6465166807174683,0.6540243625640869,0.6045899391174316,0.5900370478630066,0.5914900898933411,0.5846601724624634,0.5796005129814148,-0.10767648369073868
0.6212,0.6998692750930786,0.6938765645027161,0.6160340309143066,0.7250374555587769,0.7622983455657959,0.8368697166442871,0.6552071571350098,0.6596221923828125,0.6075661182403564,0.5901466012001038,0.5927209258079529,0.5851237773895264,0.5805559158325195,-0.10767648369073868
0.6212,0.7058700323104858,0.6911015510559082,0.6156653761863708,0.7676687240600586,0.8055671453475952,0.8509583473205566,0.661540150642395,0.6633914709091187,0.611750602722168,0.5902426242828369,0.5939685106277466,0.5855532884597778,0.5817116498947144,-0.10767648369073868
0.6212,0.7001082301139832,0.6956408619880676,0.6240359544754028,0.6996700763702393,0.589191198348999,0.824616014957428,0.6656221151351929,0.6652575731277466,0.6239043474197388,0.5903615951538086,0.5954781174659729,0.5859341621398926,0.5830278992652893,-0.10767648369073868
0.5152,0.6950369477272034,0.6842360496520996,0.620219349861145,0.6151768565177917,0.7145465612411499,0.6874337792396545,0.6671501994132996,0.664857029914856,0.6458945274353027,0.5904672145843506,0.5968687534332275,0.5865097045898438,0.5840129852294922,-0.10767648369073868
0.5,0.6017116904258728,0.6557194590568542,0.5678202509880066,0.5920817852020264,0.8535830974578857,0.7991757392883301,0.6623260974884033,0.6571972370147705,0.6625329256057739,0.59050452709198,0.5972475409507751,0.5867469310760498,0.5843349099159241,-0.10767648369073868
0.4848,0.5730313062667847,0.6199149489402771,0.5346362590789795,0.5064980983734131,0.5862008929252625,0.5548438429832458,0.6551534533500671,0.647918164730072,0.6786591410636902,0.5905382037162781,0.597557783126831,0.5869446396827698,0.5846834182739258,-0.10767648369073868
0.4697,0.5608441233634949,0.596197783946991,0.5093003511428833,0.6112996339797974,0.5980623960494995,0.5689873099327087,0.6468673944473267,0.6379655599594116,0.6952662467956543,0.5905493497848511,0.5979712009429932,0.5869957208633423,0.5847334265708923,-0.10767648369073868
0.4545,0.5292438268661499,0.5776874423027039,0.47878497838974,0.5485387444496155,0.48536214232444763,0.43488842248916626,0.6365992426872253,0.6299954652786255,0.7153600454330444,0.5905613899230957,0.5982761383056641,0.5871056318283081,0.5847662687301636,-0.10767648369073868
0.4545,0.5322551727294922,0.5750570297241211,0.4740535616874695,0.3527369499206543,0.6397477388381958,0.4387581944465637,0.6242401599884033,0.6204932928085327,0.7173507213592529,0.5905548334121704,0.5984146595001221,0.587175726890564,0.5846653580665588,-0.10767648369073868
0.4545,0.5334625244140625,0.5582574009895325,0.4741896390914917,0.5940812826156616,0.4806388318538666,0.4629429578781128,0.6118306517601013,0.610569953918457,0.7002050876617432,0.5905269384384155,0.5982693433761597,0.5870347619056702,0.5843132138252258,-0.10767648369073868
0.4545,0.5301162600517273,0.5530025959014893,0.48426663875579834,0.5802722573280334,0.5760853290557861,0.5411507487297058,0.5989549160003662,0.6023844480514526,0.674553394317627,0.5904940962791443,0.5979704856872559,0.5868513584136963,0.5839627385139465,-0.10767648369073868
0.4394,0.5199218988418579,0.5583024024963379,0.48290884494781494,0.5759168267250061,0.5322744846343994,0.5533002614974976,0.5902263522148132,0.5989711284637451,0.650658130645752,0.590465247631073,0.5976207256317139,0.5867118835449219,0.5833733081817627,-0.10767648369073868
0.4394,0.5379559993743896,0.5580054521560669,0.4854584336280823,0.46439456939697266,0.6469905376434326,0.34551647305488586,0.5842971801757812,0.5971885919570923,0.6174482107162476,0.5904122591018677,0.5969721078872681,0.5864837765693665,0.5828312635421753,-0.10767648369073868
0.4242,0.5415747761726379,0.5647283792495728,0.49329322576522827,0.5621808171272278,0.4629459083080292,0.47866758704185486,0.5811359882354736,0.5975709557533264,0.587874174118042,0.590345025062561,0.5961623787879944,0.5861765742301941,0.5821388959884644,-0.10767648369073868
0.4394,0.5317391157150269,0.5586260557174683,0.48244792222976685,0.5279632806777954,0.5188230276107788,0.5405340790748596,0.5829484462738037,0.598669707775116,0.5677915215492249,0.5902571678161621,0.5949653387069702,0.5857000946998596,0.5813603401184082,-0.10767648369073868
0.4091,0.530951201915741,0.5644254088401794,0.47951561212539673,0.596623420715332,0.5183626413345337,0.5201035737991333,0.5878558158874512,0.60400390625,0.5730395317077637,0.5901771783828735,0.5940817594528198,0.5854237079620361,0.5805718898773193,-0.10767648369073868
0.4394,0.5392098426818848,0.5660718679428101,0.47458815574645996,0.3634418249130249,0.5692199468612671,0.5518602728843689,0.591829776763916,0.6070342063903809,0.5788513422012329,0.5900876522064209,0.59287428855896,0.5850307941436768,0.5799242854118347,-0.10767648369073868
0.4545,0.5483788847923279,0.5800004005432129,0.4795628786087036,0.5205698013305664,0.5727038383483887,0.5018521547317505,0.6010388135910034,0.6143661737442017,0.6049231290817261,0.5900246500968933,0.591827929019928,0.5847874283790588,0.5794422030448914,-0.10767648369073868
0.4848,0.5574514865875244,0.5933079123497009,0.4865112900733948,0.5078310966491699,0.5571259260177612,0.4783809781074524,0.6136102080345154,0.6238082647323608,0.642889142036438,0.5899689197540283,0.5911263227462769,0.584514856338501,0.5788602232933044,-0.10767648369073868
0.5152,0.573645830154419,0.6110302209854126,0.5068046450614929,0.5584813952445984,0.6488817930221558,0.5887190699577332,0.6229202151298523,0.6346286535263062,0.663756251335144,0.5899754762649536,0.5911781191825867,0.5844920873641968,0.5790760517120361,-0.10767648369073868
0.6212,0.6075381636619568,0.6365283727645874,0.5386647582054138,0.6098118424415588,0.5744658708572388,0.5475379824638367,0.6330583691596985,0.6463133692741394,0.6885982751846313,0.5900043249130249,0.5915424823760986,0.5846431255340576,0.5792677402496338,-0.10767648369073868
0.6212,0.7091745734214783,0.6872432827949524,0.605317234992981,0.8057124018669128,0.6561551094055176,0.7083050012588501,0.6460530161857605,0.6606475114822388,0.6963127851486206,0.590085506439209,0.5926864147186279,0.5849486589431763,0.5800551176071167,-0.10767648369073868
0.6212,0.7094849944114685,0.7073502540588379,0.6205456852912903,0.5823781490325928,0.7747921943664551,0.6172101497650146,0.656765878200531,0.6715606451034546,0.7013843059539795,0.5901859998703003,0.5938670635223389,0.5852668285369873,0.5810489058494568,-0.10767648369073868
0.6364,0.7031266093254089,0.7076647877693176,0.6276600956916809,0.80857253074646,0.6123762130737305,0.6779310703277588,0.6642647981643677,0.6793987154960632,0.7027853727340698,0.590286135673523,0.5948970913887024,0.5857200622558594,0.5819974541664124,-0.10767648369073868
0.6364,0.7204063534736633,0.7167328596115112,0.6493889093399048,0.6842294931411743,0.736915111541748,0.8586527109146118,0.6693524122238159,0.6838995814323425,0.7041884660720825,0.590397834777832,0.5961812138557434,0.5860542058944702,0.5832801461219788,-0.10767648369073868
0.6364,0.7105924487113953,0.7018836140632629,0.6409888863563538,0.7857750654220581,0.8009618520736694,0.6878207921981812,0.6729037165641785,0.6845465898513794,0.7133897542953491,0.590685248374939,0.5978241562843323,0.5867385864257812,0.5844712853431702,-0.10767648369073868
0.6364,0.7032820582389832,0.6995080709457397,0.6376553177833557,0.8131802082061768,0.9734116792678833,0.7113795876502991,0.6737684607505798,0.681895911693573,0.7235462665557861,0.5908191204071045,0.5988961458206177,0.5871953964233398,0.5854251384735107,-0.10767648369073868
0.6212,0.6996264457702637,0.693191409111023,0.6412577033042908,0.845488965511322,0.9042184352874756,0.7868693470954895,0.671947717666626,0.6766804456710815,0.7344702482223511,0.590911328792572,0.5999881029129028,0.5875848531723022,0.5862683057785034,-0.10767648369073868
0.6212,0.6984730362892151,0.684317946434021,0.636337161064148,0.6432939171791077,0.7434895038604736,0.5594724416732788,0.668730616569519,0.671571671962738,0.7480261325836182,0.5909698009490967,0.6009471416473389,0.5878853797912598,0.5869706869125366,-0.10767648369073868
0.5455,0.687632143497467,0.6843926310539246,0.6316394209861755,0.6261522769927979,0.844070553779602,0.7922415733337402,0.6650537848472595,0.6685750484466553,0.7681423425674438,0.5910478234291077,0.601966381072998,0.588110089302063,0.5876832008361816,-0.10767648369073868
0.5303,0.6227467060089111,0.6613525152206421,0.5946524739265442,0.5941675901412964,0.7996623516082764,0.7359282970428467,0.6574669480323792,0.6614325046539307,0.7715340852737427,0.5910866260528564,0.602340042591095,0.5883259773254395,0.5878031253814697,-0.10767648369073868
0.5303,0.6145188212394714,0.6322653293609619,0.5749349594116211,0.6155927777290344,0.65639328956604,0.5837787389755249,0.6475597620010376,0.6560404896736145,0.780127763748169,0.591099739074707,0.6025955080986023,0.5884771347045898,0.5876972079277039,-0.10767648369073868
0.5152,0.6120125651359558,0.624768853187561,0.5732051134109497,0.6997541189193726,0.7527245283126831,0.5685181021690369,0.637138307094574,0.6485593914985657,0.7765941619873047,0.5911176800727844,0.6028748750686646,0.5883961915969849,0.5876868367195129,-0.10767648369073868
0.5152,0.5873334407806396,0.608642578125,0.5396943092346191,0.5617314577102661,0.5336862802505493,0.5640150904655457,0.6265767812728882,0.6417562365531921,0.7696136236190796,0.5911160707473755,0.6029973030090332,0.5883954167366028,0.5872843861579895,-0.10767648369073868
0.5152,0.5934058427810669,0.6108567714691162,0.5452756285667419,0.5817601680755615,0.5665512084960938,0.6482969522476196,0.6169270873069763,0.6374696493148804,0.758710503578186,0.5910965800285339,0.6029919385910034,0.588243842124939,0.5871272683143616,-0.10767648369073868
0.5152,0.6009252667427063,0.62632155418396,0.5663185715675354,0.5286964774131775,0.6291523575782776,0.6684845685958862,0.6088167428970337,0.6341452598571777,0.7421069145202637,0.5910729169845581,0.6029130816459656,0.588150143623352,0.5870288014411926,-0.10767648369073868
0.4848,0.6006705164909363,0.6182081699371338,0.5675920248031616,0.7560161352157593,0.5175818204879761,0.6165997982025146,0.6072982549667358,0.6331271529197693,0.7240073680877686,0.5910000801086426,0.6020480394363403,0.5878263115882874,0.586201548576355,-0.10767648369073868
0.4848,0.5623112916946411,0.6078433990478516,0.5466049313545227,0.5281285643577576,0.5741492509841919,0.7525211572647095,0.6055858135223389,0.6311931014060974,0.704513430595398,0.5909405946731567,0.6010424494743347,0.5874907970428467,0.585425853729248,-0.10767648369073868
0.4848,0.5729461312294006,0.6080751419067383,0.5435949563980103,0.5531780123710632,0.48951658606529236,0.607287585735321,0.60578453540802,0.6319572329521179,0.6900177001953125,0.590874195098877,0.6002111434936523,0.5873079299926758,0.5847588777542114,-0.10767648369073868
0.4697,0.5719965100288391,0.6073386073112488,0.5383389592170715,0.5468831062316895,0.62254399061203,0.55463707447052,0.6075570583343506,0.6330482363700867,0.6779429912567139,0.5908054113388062,0.5992680788040161,0.5869539380073547,0.5840779542922974,-0.10767648369073868
0.4848,0.5541368126869202,0.6054489612579346,0.5149155855178833,0.5959141850471497,0.5802144408226013,0.513481616973877,0.6094204187393188,0.6338901519775391,0.6669580936431885,0.5907342433929443,0.598349928855896,0.586660623550415,0.5835816264152527,-0.10767648369073868
0.5,0.578541100025177,0.6167281866073608,0.516964852809906,0.6509270071983337,0.6071962118148804,0.5609335899353027,0.613899827003479,0.637569785118103,0.6685404777526855,0.5906804800033569,0.5977379083633423,0.5863988995552063,0.583164393901825,-0.10767648369073868
0.5,0.6049057245254517,0.6363940834999084,0.5331521034240723,0.5070642232894897,0.6985999345779419,0.6116117835044861,0.6202322840690613,0.6440563201904297,0.6815263032913208,0.5906476974487305,0.5973203778266907,0.5862189531326294,0.5830726027488708,-0.10767648369073868
0.5152,0.6175854206085205,0.6495150327682495,0.5297123789787292,0.6374583840370178,0.80812668800354,0.5960867404937744,0.6274983286857605,0.6514899134635925,0.6948816776275635,0.5906388163566589,0.5970165729522705,0.586179256439209,0.5831133723258972,-0.10767648369073868
0.5455,0.6307120323181152,0.659155547618866,0.5343681573867798,0.5464785099029541,0.637722373008728,0.6855247020721436,0.636322021484375,0.6585086584091187,0.7122938632965088,0.5906394720077515,0.5968310832977295,0.5861283540725708,0.5830737352371216,-0.10767648369073868
0.6061,0.6711323857307434,0.6753383874893188,0.5614456534385681,0.6392914652824402,0.7378853559494019,0.62481689453125,0.6429147720336914,0.6664053797721863,0.721301794052124,0.5906822681427002,0.5973501205444336,0.5862674713134766,0.5835951566696167,-0.10767648369073868
0.6212,0.7217949032783508,0.7053866386413574,0.5933355093002319,0.7510145306587219,0.7440398931503296,0.7248615622520447,0.6504510641098022,0.6752625703811646,0.7280316352844238,0.5907648205757141,0.5983750224113464,0.586482048034668,0.5845108032226562,-0.10767648369073868
0.6515,0.7311857342720032,0.7228167653083801,0.6140710115432739,0.7581595778465271,0.6865285634994507,0.5876044034957886,0.6572085618972778,0.6817501187324524,0.7377749681472778,0.5908521413803101,0.5994405746459961,0.5868963003158569,0.5853328108787537,-0.10767648369073868
0.6364,0.7387281060218811,0.7347846031188965,0.6417443752288818,0.8979631066322327,0.9667788743972778,0.8986239433288574,0.6609784960746765,0.6844097375869751,0.7435603141784668,0.5909289121627808,0.6003962755203247,0.587227463722229,0.5861486196517944,-0.10767648369073868
0.6515,0.7269440293312073,0.7282400727272034,0.6518217325210571,0.9277642369270325,0.7563742399215698,0.7968350648880005,0.6637573838233948,0.685490608215332,0.754071831703186,0.5910083651542664,0.6011989712715149,0.5875166058540344,0.5869912505149841,-0.10767648369073868
0.6212,0.7250751852989197,0.7212223410606384,0.6583370566368103,0.6524324417114258,0.8398730754852295,0.730359673500061,0.6659884452819824,0.684606671333313,0.7672133445739746,0.5910817384719849,0.6020334959030151,0.5878115296363831,0.5877535343170166,-0.10767648369073868
0.6212,0.7005144953727722,0.7046347856521606,0.6492577195167542,0.6814252138137817,0.7352151870727539,0.7628666162490845,0.6668571829795837,0.6823853254318237,0.7777453660964966,0.591148316860199,0.6025992631912231,0.5880759954452515,0.5882610082626343,-0.10767648369073868
0.6212,0.7003076076507568,0.6946588754653931,0.6442781090736389,0.5320695638656616,0.6557776927947998,0.8131643533706665,0.6648344993591309,0.6788139939308167,0.7856193780899048,0.5911973714828491,0.6032853126525879,0.5884119272232056,0.5887659788131714,-0.10767648369073868
0.6061,0.7002290487289429,0.6903421878814697,0.644516110420227,0.7015369534492493,0.8240737915039062,0.683211088180542,0.661005973815918,0.6742611527442932,0.7883248329162598,0.5912469029426575,0.604012131690979,0.588565468788147,0.5892624258995056,-0.10767648369073868
0.6061,0.6818772554397583,0.680662989616394,0.627286434173584,0.6009857654571533,0.730241060256958,0.8356227874755859,0.6559709310531616,0.6698973178863525,0.7897628545761108,0.591282844543457,0.6046499013900757,0.5887002348899841,0.5897201895713806,-0.10767648369073868
0.6061,0.6871965527534485,0.6847301721572876,0.6290023326873779,0.6286964416503906,0.6108373403549194,0.6647237539291382,0.6498803496360779,0.667152464389801,0.791648268699646,0.5913324952125549,0.60538250207901,0.5889112949371338,0.5900577306747437,-0.10767648369073868
0.5455,0.6932465434074402,0.6862020492553711,0.630427360534668,0.6169887185096741,0.6372753381729126,0.4997768700122833,0.6446591019630432,0.6647149324417114,0.7900022268295288,0.5913638472557068,0.6059813499450684,0.5890634059906006,0.5902417898178101,-0.10767648369073868
0.6061,0.6440305709838867,0.6640901565551758,0.5932343006134033,0.6709164381027222,0.5882866382598877,0.7023020386695862,0.6377942562103271,0.6596577167510986,0.7838784456253052,0.5913620591163635,0.6059832572937012,0.5890361070632935,0.5900362730026245,-0.10767648369073868
0.5455,0.6886773109436035,0.6738299131393433,0.6129215359687805,0.8352423906326294,0.5893909931182861,0.6009432673454285,0.6335740089416504,0.6585661172866821,0.7875012159347534,0.5913701057434082,0.6062637567520142,0.5889973640441895,0.5900260210037231,-0.10767648369073868
0.5152,0.6419392824172974,0.667974054813385,0.5938478708267212,0.5945230722427368,0.5813014507293701,0.5152009725570679,0.6285463571548462,0.6566126942634583,0.7885643243789673,0.5913670063018799,0.6063068509101868,0.5889512300491333,0.5896098017692566,-0.10767648369073868
0.5,0.6065363883972168,0.6405150890350342,0.5565134882926941,0.575526237487793,0.6767752170562744,0.6109756827354431,0.6225448250770569,0.6528598070144653,0.783919095993042,0.5912989377975464,0.6055787801742554,0.5888403654098511,0.5889469981193542,-0.10767648369073868
0.5,0.5946772694587708,0.6383798718452454,0.5546698570251465,0.6986461281776428,0.6379221677780151,0.49154311418533325,0.6204051971435547,0.6502238512039185,0.7762597799301147,0.5912317037582397,0.6046762466430664,0.5884948372840881,0.5882495641708374,-0.10767648369073868
0.5,0.5917678475379944,0.6252521276473999,0.5357356667518616,0.602605402469635,0.664211630821228,0.5511375069618225,0.6200788021087646,0.6485626697540283,0.7707005739212036,0.5911595225334167,0.6037602424621582,0.5881943702697754,0.5876369476318359,-0.10767648369073868
0.5,0.5941303372383118,0.628478467464447,0.5270201563835144,0.6472196578979492,0.5114184617996216,0.566320538520813,0.6198978424072266,0.6479092836380005,0.7630096673965454,0.5910782814025879,0.6027946472167969,0.5879064202308655,0.586963415145874,-0.10767648369073868
0.5,0.5968256592750549,0.6396833658218384,0.5246778130531311,0.5769994854927063,0.5703510046005249,0.48005911707878113,0.6214357614517212,0.6494823694229126,0.7566195726394653,0.5910388827323914,0.6021809577941895,0.5877330899238586,0.5866119861602783,-0.10767648369073868
0.5,0.6302854418754578,0.6445509791374207,0.5168161392211914,0.6310315132141113,0.6760605573654175,0.5714713335037231,0.6238842010498047,0.6525928974151611,0.7476527690887451,0.5909881591796875,0.601731538772583,0.5875552892684937,0.5864225625991821,-0.10767648369073868
0.5,0.6140053868293762,0.6475012302398682,0.5138049125671387,0.6852673292160034,0.5677484273910522,0.6759003400802612,0.626185417175293,0.6558749675750732,0.739995002746582,0.5909683704376221,0.6013898849487305,0.5873257517814636,0.5863129496574402,-0.10767648369073868
0.5152,0.616196870803833,0.6520542502403259,0.5145546197891235,0.5678440928459167,0.6373031139373779,0.5779557824134827,0.6281453967094421,0.6589016914367676,0.731519341468811,0.5909605622291565,0.601075291633606,0.5873432159423828,0.5863068699836731,-0.10767648369073868
0.5152,0.6372718214988708,0.6509097814559937,0.5205431580543518,0.5489715337753296,0.7375872135162354,0.6708877682685852,0.631267786026001,0.662613570690155,0.7320346832275391,0.5909463167190552,0.6009020209312439,0.5872654318809509,0.5861750841140747,-0.10767648369073868
0.5303,0.6390609741210938,0.6582964658737183,0.5345155596733093,0.6006609201431274,0.4976094663143158,0.52677983045578,0.633712887763977,0.6648329496383667,0.7397561073303223,0.5910680890083313,0.6009960174560547,0.5874095559120178,0.5866328477859497,-0.10767648369073868
0.5303,0.639805018901825,0.6632238626480103,0.5360679030418396,0.6086897850036621,0.6505329608917236,0.6968682408332825,0.6377440690994263,0.6666172742843628,0.7543950080871582,0.5910660028457642,0.6008567810058594,0.5873736143112183,0.5866669416427612,-0.10767648369073868
0.5909,0.6452478766441345,0.6685842275619507,0.5460860729217529,0.4489719271659851,0.6020306348800659,0.6153403520584106,0.6415846347808838,0.6676767468452454,0.7724038362503052,0.5910624265670776,0.6007430553436279,0.5873841643333435,0.5867378115653992,-0.10767648369073868
0.6061,0.7062261700630188,0.7001183032989502,0.5926492810249329,0.5447196960449219,0.6938973665237427,0.7262609004974365,0.6451624631881714,0.6706984043121338,0.786404013633728,0.5910947322845459,0.6013145446777344,0.5875751376152039,0.5872284770011902,-0.10767648369073868
0.5909,0.7168946266174316,0.716163158416748,0.608961284160614,0.46979349851608276,0.704229474067688,0.7326828837394714,0.6533268094062805,0.6750216484069824,0.8030682802200317,0.5911384224891663,0.6015793085098267,0.587641716003418,0.5875293016433716,-0.10767648369073868
0.5909,0.6926516890525818,0.7084605693817139,0.610068142414093,0.6497154235839844,0.6902449131011963,0.6962203979492188,0.6567062139511108,0.6758944392204285,0.8072446584701538,0.5911759734153748,0.6018322706222534,0.5879253149032593,0.5878127217292786,-0.10767648369073868
0.5303,0.6966069340705872,0.7026639580726624,0.6192851662635803,0.7520555257797241,0.7230682373046875,0.775824248790741,0.6573816537857056,0.6757510900497437,0.8085665702819824,0.5912163257598877,0.6023001670837402,0.5880672931671143,0.588234007358551,-0.10767648369073868
0.5152,0.6300793290138245,0.6733788251876831,0.5839313268661499,0.7987909913063049,0.5827797055244446,0.7125418186187744,0.6534247398376465,0.669921338558197,0.8045430183410645,0.5912437438964844,0.6024518013000488,0.588085949420929,0.5886415839195251,-0.10767648369073868
0.5,0.6049646139144897,0.6437854766845703,0.5573516488075256,0.6553199291229248,0.5462548732757568,0.5560231804847717,0.6480183601379395,0.6619493961334229,0.797266960144043,0.5912410616874695,0.6023297905921936,0.588159441947937,0.5884069204330444,-0.10767648369073868
0.5,0.5874915719032288,0.6334154605865479,0.539642333984375,0.5688062310218811,0.5162193775177002,0.5100829005241394,0.6418545246124268,0.6529945135116577,0.7863577604293823,0.5912351608276367,0.6022628545761108,0.5880793333053589,0.5882294178009033,-0.10767648369073868
0.5152,0.5928499102592468,0.6255311965942383,0.522499144077301,0.5733346343040466,0.5414749383926392,0.5175396800041199,0.6359854340553284,0.6446524858474731,0.7743188142776489,0.5912100076675415,0.602185845375061,0.5881089568138123,0.5878745317459106,-0.10767648369073868
0.5152,0.6017611622810364,0.632164716720581,0.5303257703781128,0.5275500416755676,0.613253116607666,0.498623251914978,0.6320751905441284,0.6401780247688293,0.7655227184295654,0.5911778211593628,0.6020110845565796,0.58790522813797,0.5875308513641357,-0.10767648369073868
0.5152,0.5956255793571472,0.6361977458000183,0.5385547280311584,0.631553053855896,0.6524848341941833,0.5984100699424744,0.6287909746170044,0.6382932066917419,0.7584495544433594,0.5911738872528076,0.6019183993339539,0.5878434181213379,0.5874106884002686,-0.10767648369073868
0.5,0.6075401306152344,0.6363990306854248,0.5457028150558472,0.5581557750701904,0.5307781100273132,0.5074794888496399,0.6260626316070557,0.6389530897140503,0.7536700963973999,0.5911492109298706,0.6017540693283081,0.5878312587738037,0.5869612693786621,-0.10767648369073868
0.5,0.5904054045677185,0.6276862025260925,0.5431060791015625,0.6786743998527527,0.5067147016525269,0.46110260486602783,0.6234233975410461,0.6393450498580933,0.744481086730957,0.5911306142807007,0.6013370752334595,0.5876560211181641,0.5866624116897583,-0.10767648369073868
0.5,0.5870124101638794,0.6203080415725708,0.5347295999526978,0.5341757535934448,0.5261318683624268,0.474386990070343,0.6209981441497803,0.6398445963859558,0.7374252080917358,0.5911064147949219,0.6009420156478882,0.5875435471534729,0.5862465500831604,-0.10767648369073868
0.5,0.592113733291626,0.6182913780212402,0.5312711596488953,0.5652347207069397,0.5756958723068237,0.5095039010047913,0.6202045679092407,0.6421337127685547,0.73627769947052,0.591070830821991,0.6005783677101135,0.5873823165893555,0.5856781005859375,-0.10767648369073868
0.5,0.6025164127349854,0.6312951445579529,0.5395973324775696,0.5118233561515808,0.582434892654419,0.5821476578712463,0.619604229927063,0.6446677446365356,0.7406622171401978,0.5910391807556152,0.600341796875,0.5872973203659058,0.5855756998062134,-0.10767648369073868
0.5,0.6031196117401123,0.6367393136024475,0.5358867049217224,0.5485525727272034,0.7327715158462524,0.5919208526611328,0.6235595941543579,0.6488139033317566,0.748833179473877,0.590987503528595,0.5997544527053833,0.5871292948722839,0.5851634740829468,-0.10767648369073868
0.5,0.6091506481170654,0.6425588130950928,0.5371512770652771,0.6475379467010498,0.6747937202453613,0.5679212808609009,0.6291489601135254,0.6535539627075195,0.7614885568618774,0.5909408330917358,0.599087119102478,0.5869497060775757,0.5849510431289673,-0.10767648369073868
0.5152,0.6192551851272583,0.6471233367919922,0.531815230846405,0.6121950149536133,0.5297929048538208,0.5622013807296753,0.6348772048950195,0.6583499908447266,0.7720630168914795,0.5909196734428406,0.5987973213195801,0.5868896245956421,0.5848976969718933,-0.10767648369073868
0.5152,0.6450725197792053,0.65799880027771,0.5327333211898804,0.682110071182251,0.6055535078048706,0.5758621692657471,0.6426655054092407,0.6645845174789429,0.7851207256317139,0.5909140706062317,0.5987184643745422,0.5868650078773499,0.5850597620010376,-0.10767648369073868
0.5152,0.6442330479621887,0.6649459600448608,0.5287714600563049,0.621744692325592,0.6760791540145874,0.5413140654563904,0.6463354825973511,0.6681331396102905,0.789989709854126,0.5909422039985657,0.5990261435508728,0.5869988203048706,0.5854476094245911,-0.10767648369073868
0.5303,0.6410861611366272,0.6646944284439087,0.52251136302948,0.6558860540390015,0.521538496017456,0.6996091604232788,0.6480377912521362,0.6700495481491089,0.7917141914367676,0.5909589529037476,0.5993633270263672,0.5871532559394836,0.5857590436935425,-0.10767648369073868
0.5455,0.6544947028160095,0.6717490553855896,0.5336050391197205,0.5822030305862427,0.6268126964569092,0.677193284034729,0.6493179202079773,0.6721205115318298,0.7966690063476562,0.5909969210624695,0.5999338626861572,0.5872651934623718,0.5862865447998047,-0.10767648369073868
0.5455,0.6663897633552551,0.6802878379821777,0.5458728671073914,0.6652777194976807,0.6745209693908691,0.5336101651191711,0.6509312987327576,0.674039900302887,0.804728627204895,0.5910413861274719,0.6005496978759766,0.5874745845794678,0.5868598222732544,-0.10767648369073868
0.6061,0.6638526916503906,0.6828062534332275,0.5526440739631653,0.7384282350540161,0.705457329750061,0.6580867767333984,0.6529731750488281,0.6752064228057861,0.8121707439422607,0.5910777449607849,0.6009340286254883,0.5876603722572327,0.5873628258705139,-0.10767648369073868
0.6061,0.720224142074585,0.7085971236228943,0.592225968837738,0.6292788982391357,0.6089870929718018,0.6785710453987122,0.656631588935852,0.6777610778808594,0.814713716506958,0.5911327004432678,0.6017395257949829,0.5879349112510681,0.5880408883094788,-0.10767648369073868
0.5455,0.7224738001823425,0.717864453792572,0.6052113175392151,0.5373162031173706,0.6445525884628296,0.6581501960754395,0.6596018075942993,0.6792867183685303,0.8155030012130737,0.5911988019943237,0.6025650501251221,0.5881454348564148,0.5886836051940918,-0.10767648369073868
0.5303,0.6628841757774353,0.6995401382446289,0.5767724514007568,0.5385692119598389,0.6154053211212158,0.6897385120391846,0.6583232283592224,0.6778290271759033,0.8145140409469604,0.5912420749664307,0.6028540134429932,0.5883333683013916,0.5891055464744568,-0.10767648369073868
0.5303,0.6498697996139526,0.6851913928985596,0.5677847862243652,0.5298548340797424,0.5824854969978333,0.7033649682998657,0.6551545262336731,0.6745635867118835,0.8121923208236694,0.5912700295448303,0.6031667590141296,0.5884789824485779,0.5894010663032532,-0.10767648369073868
0.5152,0.6495373249053955,0.6684209108352661,0.5605418682098389,0.7124946117401123,0.6746045351028442,0.6098831295967102,0.6518025398254395,0.6694326400756836,0.8087865114212036,0.5912970900535583,0.6034719347953796,0.5885640382766724,0.5895079970359802,-0.10767648369073868
0.5152,0.6181387901306152,0.6512701511383057,0.5328797698020935,0.6697864532470703,0.5482460260391235,0.547035813331604,0.6472004652023315,0.6621018648147583,0.8033832311630249,0.5912960767745972,0.603412926197052,0.5885685682296753,0.5893605947494507,-0.10767648369073868
0.5152,0.6213552355766296,0.6505615711212158,0.5267645716667175,0.6734122633934021,0.6335840225219727,0.5484445095062256,0.6429120898246765,0.6568597555160522,0.8022289276123047,0.5913029909133911,0.6035430431365967,0.5885509252548218,0.5894932746887207,-0.10767648369073868
0.5,0.6213293075561523,0.6492961049079895,0.5335442423820496,0.5153672099113464,0.5751047134399414,0.6312509775161743,0.6385126113891602,0.6522210836410522,0.8012875318527222,0.5912989974021912,0.6037176847457886,0.5884914994239807,0.5894538164138794,-0.10767648369073868
0.5,0.59377121925354,0.6343870162963867,0.5248724222183228,0.6444546580314636,0.6488772630691528,0.5413480401039124,0.6328678727149963,0.6474356651306152,0.797421932220459,0.5912657976150513,0.603401780128479,0.588405191898346,0.5889495611190796,-0.10767648369073868
0.4848,0.585864782333374,0.6346789002418518,0.5276397466659546,0.7466027140617371,0.512383759021759,0.5575566291809082,0.6294445991516113,0.6443216800689697,0.7917053699493408,0.5912488698959351,0.6030101180076599,0.5882562398910522,0.5885465741157532,-0.10767648369073868
0.4848,0.5805520415306091,0.6175686120986938,0.5253881216049194,0.47612184286117554,0.5143547058105469,0.39634355902671814,0.6253405809402466,0.6411787271499634,0.7822558879852295,0.5912204384803772,0.6025072336196899,0.5881942510604858,0.5878711938858032,-0.10767648369073868
0.4848,0.583217203617096,0.6137207746505737,0.5227854251861572,0.6900195479393005,0.5523720979690552,0.6213933825492859,0.6210924386978149,0.6390326023101807,0.7713502645492554,0.5911774635314941,0.601927638053894,0.5879642367362976,0.5874839425086975,-0.10767648369073868
0.4848,0.5790978074073792,0.6155959367752075,0.520294725894928,0.5460656881332397,0.5356098413467407,0.5230507850646973,0.6191673278808594,0.6384806632995605,0.763276219367981,0.5911520719528198,0.6015347242355347,0.5878207087516785,0.5871093273162842,-0.10767648369073868
0.4848,0.5858815908432007,0.6156932711601257,0.5181828141212463,0.6136313676834106,0.6147439479827881,0.5217902064323425,0.6187012791633606,0.6395204067230225,0.7588099241256714,0.5910906195640564,0.6011389493942261,0.5876452326774597,0.5866866111755371,-0.10767648369073868
0.4848,0.5893128514289856,0.6292834281921387,0.5329748392105103,0.640066385269165,0.7101156711578369,0.5169910192489624,0.6179071068763733,0.6413903832435608,0.7573027610778809,0.5910525321960449,0.6006677150726318,0.5874497890472412,0.586577296257019,-0.10767648369073868
0.4848,0.5877487659454346,0.6318851709365845,0.5339723229408264,0.5352360010147095,0.5447700619697571,0.5414506196975708,0.6221902370452881,0.6449942588806152,0.761726975440979,0.590996265411377,0.5998716354370117,0.5873153209686279,0.5860382318496704,-0.10767648369073868
0.4697,0.5937834978103638,0.6267372369766235,0.5265762805938721,0.5510708093643188,0.5459831953048706,0.5713431239128113,0.6276391744613647,0.6491128206253052,0.7743654251098633,0.5909469723701477,0.5991109609603882,0.5871309041976929,0.5854561924934387,-0.10767648369073868
0.4848,0.5743524432182312,0.6175168752670288,0.5093640089035034,0.5258435606956482,0.5113810300827026,0.43392497301101685,0.6287264823913574,0.6498400568962097,0.7802562713623047,0.5909557938575745,0.5987383127212524,0.5870493054389954,0.5853666663169861,-0.10767648369073868
0.4848,0.5904731154441833,0.622906506061554,0.5167204141616821,0.5692526698112488,0.6222164630889893,0.5358211398124695,0.6305601596832275,0.6514965891838074,0.7890361547470093,0.5909250974655151,0.5984358787536621,0.5870315432548523,0.585120439529419,-0.10767648369073868
0.5152,0.5906187891960144,0.625768780708313,0.5137477517127991,0.6461426019668579,0.599425196647644,0.4523419439792633,0.6331290006637573,0.6532634496688843,0.7989388704299927,0.5909047722816467,0.5981795787811279,0.5869424343109131,0.5849830508232117,-0.10767648369073868
0.5303,0.6376112103462219,0.6489362120628357,0.5309188961982727,0.8622776865959167,0.4648514688014984,0.4678618907928467,0.6374669671058655,0.6582966446876526,0.80914306640625,0.5909035205841064,0.5984356999397278,0.587059497833252,0.58515864610672,-0.10767648369073868
0.6212,0.6547832489013672,0.6701066493988037,0.5465295910835266,0.5329151749610901,0.5784318447113037,0.6143866777420044,0.6435922980308533,0.6644821166992188,0.8197407722473145,0.5909237861633301,0.5986906290054321,0.5870815515518188,0.585655689239502,-0.10767648369073868
0.6212,0.7324122786521912,0.7102906703948975,0.6004704833030701,0.5886577367782593,0.617497980594635,0.5767776370048523,0.6523186564445496,0.6737093329429626,0.8138988018035889,0.5909764766693115,0.5995303988456726,0.5873963832855225,0.5863068103790283,-0.10767648369073868
0.6212,0.7375703454017639,0.7296954989433289,0.618262529373169,0.61058109998703,0.6650644540786743,0.6820752024650574,0.6589490175247192,0.6815328598022461,0.8080108165740967,0.5910511016845703,0.6005528569221497,0.5876391530036926,0.5870542526245117,-0.10767648369073868
0.5303,0.7236137390136719,0.7243407964706421,0.6233217120170593,0.7478985786437988,0.8202500343322754,0.644714891910553,0.6634870767593384,0.6859031915664673,0.7998775243759155,0.5911173820495605,0.6012492179870605,0.5879783630371094,0.5877121686935425,-0.10767648369073868
0.5303,0.6446382403373718,0.6993499994277954,0.5941073298454285,0.7954570055007935,0.7351722717285156,0.6680046319961548,0.6621913909912109,0.6839573979377747,0.7939485311508179,0.5911458134651184,0.601402759552002,0.588099479675293,0.5879271626472473,-0.10767648369073868
0.5303,0.6293290257453918,0.6634671092033386,0.5724537968635559,0.7018537521362305,0.7491785287857056,0.6199164390563965,0.6596499085426331,0.6782538890838623,0.786526083946228,0.5911590456962585,0.6014373302459717,0.5882210731506348,0.5881168842315674,-0.10767648369073868
0.5303,0.626349925994873,0.6560261249542236,0.5662204027175903,0.6003075838088989,0.6449061632156372,0.5918041467666626,0.6567672491073608,0.6705365180969238,0.7816570997238159,0.5911599397659302,0.6015678644180298,0.5882800817489624,0.587979257106781,-0.10767648369073868
0.5,0.6206472516059875,0.6498589515686035,0.5463744401931763,0.6312472820281982,0.5478805899620056,0.545281171798706,0.6540690660476685,0.6635013818740845,0.7783892154693604,0.5911658406257629,0.6016088128089905,0.5883200168609619,0.5880193710327148,-0.10767648369073868
0.5,0.5946172475814819,0.6422690749168396,0.5286497473716736,0.5908786058425903,0.582268238067627,0.5678919553756714,0.6489262580871582,0.6557890772819519,0.771957278251648,0.5911577939987183,0.6016275882720947,0.5883327126502991,0.5880479216575623,-0.10767648369073868
0.5,0.588956892490387,0.6294692754745483,0.5193053483963013,0.5642073154449463,0.4551394283771515,0.7247883677482605,0.6436603665351868,0.6493171453475952,0.7680734395980835,0.5911487340927124,0.6016875505447388,0.5882762670516968,0.5879065990447998,-0.10767648369073868
0.5,0.5875989198684692,0.6246052384376526,0.5210927724838257,0.5459549427032471,0.5602244138717651,0.5710797309875488,0.6380530595779419,0.6439923644065857,0.7633447647094727,0.5911518335342407,0.6016843318939209,0.5881900191307068,0.5878851413726807,-0.10767648369073868
0.5,0.5853883028030396,0.6166826486587524,0.5201719999313354,0.6329302787780762,0.44423094391822815,0.4711337089538574,0.6317399740219116,0.6410380601882935,0.7593039274215698,0.5911662578582764,0.6016977429389954,0.5882307291030884,0.5875465869903564,-0.10767648369073868
0.5,0.6027281880378723,0.6195628046989441,0.5300345420837402,0.6549590229988098,0.6321384906768799,0.680930495262146,0.6267362833023071,0.6408669352531433,0.7552707195281982,0.5911718606948853,0.601660430431366,0.588161051273346,0.5874314904212952,-0.10767648369073868
0.4848,0.5991284251213074,0.6163321733474731,0.5229781270027161,0.7347180843353271,0.6581968069076538,0.4905320405960083,0.6225117444992065,0.6421046257019043,0.7549289464950562,0.5911725759506226,0.6017268896102905,0.5880391001701355,0.5871232748031616,-0.10767648369073868
0.4848,0.5788454413414001,0.6128885746002197,0.5170575976371765,0.612018883228302,0.5056636333465576,0.539209246635437,0.6196422576904297,0.6433995366096497,0.7554378509521484,0.5911363363265991,0.6014398336410522,0.5878359079360962,0.5868428349494934,-0.10767648369073868
0.4848,0.5775735378265381,0.6194051504135132,0.5241003036499023,0.5613276958465576,0.5721918344497681,0.534873902797699,0.6178309917449951,0.6449277997016907,0.7586671113967896,0.5911062955856323,0.6010083556175232,0.5876806378364563,0.5864566564559937,-0.10767648369073868
0.4848,0.5967556238174438,0.6287670135498047,0.5357605814933777,0.6886550188064575,0.5267184972763062,0.49161940813064575,0.6217520833015442,0.6476381421089172,0.7671405076980591,0.591045081615448,0.6001291275024414,0.5874649286270142,0.5858615636825562,-0.10767648369073868
0.4848,0.6006757020950317,0.6288062930107117,0.531469464302063,0.4989053010940552,0.6791163682937622,0.47984579205513,0.6272811889648438,0.6507512927055359,0.7793500423431396,0.5909998416900635,0.5992421507835388,0.5872364044189453,0.5854570269584656,-0.10767648369073868
0.4848,0.595883846282959,0.6292600631713867,0.5240928530693054,0.6662958264350891,0.654207170009613,0.6461050510406494,0.6332128047943115,0.65310138463974,0.7954200506210327,0.5909515619277954,0.5985422134399414,0.5870485305786133,0.5851562023162842,-0.10767648369073868
0.4848,0.5931341648101807,0.6290551424026489,0.5227298140525818,0.547124981880188,0.6827579736709595,0.5125138759613037,0.6341223120689392,0.654001772403717,0.7984650135040283,0.590940535068512,0.5984481573104858,0.587005615234375,0.5852137804031372,-0.10767648369073868
0.4848,0.598073422908783,0.6318915486335754,0.5238828659057617,0.6367231011390686,0.5715172290802002,0.578307032585144,0.6354556679725647,0.655487060546875,0.8035954236984253,0.5909279584884644,0.598407506942749,0.5869872570037842,0.5853182673454285,-0.10767648369073868
0.4848,0.5973127484321594,0.6322828531265259,0.5209984183311462,0.5183746218681335,0.6074914932250977,0.5830477476119995,0.637241005897522,0.6567227244377136,0.8090331554412842,0.5909256935119629,0.5983594655990601,0.5870106220245361,0.5853414535522461,-0.10767648369073868
0.4697,0.5980807542800903,0.6316704154014587,0.515480101108551,0.6742095351219177,0.5665308237075806,0.5469717383384705,0.63956618309021,0.6579855680465698,0.8140019178390503,0.5909207463264465,0.5982666015625,0.587033748626709,0.5853522419929504,-0.10767648369073868
0.4848,0.593718409538269,0.6273163557052612,0.49830764532089233,0.61860591173172,0.4693913757801056,0.5705565810203552,0.6387192010879517,0.6573424339294434,0.8107776641845703,0.5909220576286316,0.5983818769454956,0.587071418762207,0.5855432152748108,-0.10767648369073868
0.4697,0.6057937145233154,0.6334283947944641,0.5054989457130432,0.49321818351745605,0.7501348257064819,0.41321152448654175,0.6384761929512024,0.6573162078857422,0.8102036714553833,0.5909264087677002,0.59858238697052,0.5870933532714844,0.5858186483383179,-0.10767648369073868
0.4697,0.5772213935852051,0.6249666810035706,0.4972233772277832,0.6610687375068665,0.604941725730896,0.5327459573745728,0.6364537477493286,0.6549957990646362,0.8087124824523926,0.5909249782562256,0.5985502004623413,0.5871509313583374,0.5858508944511414,-0.10767648369073868
0.4848,0.5760091543197632,0.6202720999717712,0.4954656958580017,0.586767852306366,0.6350393295288086,0.5734633803367615,0.6344836950302124,0.6522213220596313,0.8078353404998779,0.5909088850021362,0.5984529256820679,0.5871952772140503,0.5858805179595947,-0.10767648369073868
0.4848,0.5900705456733704,0.6247544884681702,0.5144802331924438,0.5678976774215698,0.4958612620830536,0.5462594032287598,0.6341108083724976,0.6500151753425598,0.8093289136886597,0.59090656042099,0.5984854698181152,0.5872025489807129,0.5859626531600952,-0.10767648369073868
0.4697,0.5840767025947571,0.6210734844207764,0.5174254179000854,0.6370147466659546,0.6583645343780518,0.5863033533096313,0.6343482732772827,0.6480517983436584,0.8114444017410278,0.5908946990966797,0.5983521938323975,0.5872036814689636,0.5858805179595947,-0.10767648369073868
0.4545,0.5669944286346436,0.6159315705299377,0.5086139440536499,0.5876968502998352,0.5800158977508545,0.574292004108429,0.6328181624412537,0.6454620361328125,0.8115813732147217,0.5908862352371216,0.5982031226158142,0.5871844291687012,0.5858339071273804,-0.10767648369073868
0.4242,0.5588219165802002,0.6069697141647339,0.5023447871208191,0.4925351142883301,0.617472767829895,0.5305367112159729,0.6296259760856628,0.640143871307373,0.8069250583648682,0.5908578038215637,0.5979747176170349,0.5871720314025879,0.5855389833450317,-0.10767648369073868
0.4242,0.544512152671814,0.582577109336853,0.48003584146499634,0.5126712322235107,0.5203583240509033,0.4541584849357605,0.622977614402771,0.6302281022071838,0.7871952056884766,0.5908165574073792,0.5973676443099976,0.5869884490966797,0.584998607635498,-0.10767648369073868
0.4242,0.5326045155525208,0.5741026401519775,0.4660415053367615,0.4954182505607605,0.5215585231781006,0.48421695828437805,0.6169207692146301,0.6210819482803345,0.7684289216995239,0.5907762050628662,0.5967049598693848,0.5868011116981506,0.5844628810882568,-0.10767648369073868
0.4394,0.5327883362770081,0.5681992769241333,0.46728426218032837,0.5540847778320312,0.5872335433959961,0.5162716507911682,0.6114481687545776,0.6131820678710938,0.7504240274429321,0.590739369392395,0.5961956977844238,0.5866789817810059,0.5838794708251953,-0.10767648369073868
0.4394,0.5370430946350098,0.5734078288078308,0.4734792113304138,0.5975828766822815,0.4544822871685028,0.4566144645214081,0.6086338758468628,0.610093355178833,0.7398468255996704,0.5906969904899597,0.5957250595092773,0.5864179134368896,0.5836000442504883,-0.10767648369073868
0.4242,0.5369027853012085,0.5802615880966187,0.4787537455558777,0.4973408579826355,0.6685408353805542,0.5130446553230286,0.6076874732971191,0.6104292869567871,0.7310082912445068,0.5906748175621033,0.5953559875488281,0.5862076878547668,0.5832284688949585,-0.10767648369073868
0.4394,0.5344743132591248,0.5755131840705872,0.4730563759803772,0.5137472152709961,0.6275345087051392,0.4688275456428528,0.6067345142364502,0.6107511520385742,0.7145628929138184,0.5906382203102112,0.5948561429977417,0.5860361456871033,0.5826205015182495,-0.10767648369073868
0.2727,0.5443131923675537,0.5821362733840942,0.4798278212547302,0.5064682960510254,0.5961124897003174,0.45859795808792114,0.6080484986305237,0.6142880320549011,0.7074062824249268,0.5906041860580444,0.5944161415100098,0.5858651399612427,0.5821353197097778,-0.10767648369073868
0.2727,0.5063611268997192,0.5375811457633972,0.4049423336982727,0.4956475496292114,0.45707738399505615,0.4137028753757477,0.5944192409515381,0.6065824627876282,0.6469695568084717,0.5905225276947021,0.5927861332893372,0.5854927897453308,0.5809146165847778,-0.10767648369073868
0.2879,0.5067760944366455,0.5128694772720337,0.37255755066871643,0.5886963605880737,0.3584337532520294,0.5120109915733337,0.5802388787269592,0.5963542461395264,0.5970593690872192,0.5904029011726379,0.5910024642944336,0.5850940942764282,0.5796896815299988,-0.10767648369073868
0.2879,0.49573928117752075,0.49752408266067505,0.3723750710487366,0.4633147716522217,0.41452324390411377,0.3390873074531555,0.5666732788085938,0.5839556455612183,0.5576916933059692,0.59033203125,0.5899600386619568,0.584509015083313,0.5787410736083984,-0.10767648369073868
0.2879,0.4879400134086609,0.48923009634017944,0.3510620594024658,0.5083401799201965,0.31934669613838196,0.28372424840927124,0.55501788854599,0.5717429518699646,0.525870680809021,0.5902230143547058,0.5886861681938171,0.5842211842536926,0.5778401494026184,-0.10767648369073868
0.303,0.48342299461364746,0.49117985367774963,0.3527478575706482,0.30279475450515747,0.3925519585609436,0.4680195450782776,0.5481482744216919,0.5608016848564148,0.5073726177215576,0.5901224613189697,0.5874760150909424,0.5837653875350952,0.576859176158905,-0.10767648369073868
0.4848,0.5099508166313171,0.4927672743797302,0.3617126941680908,0.3534451723098755,0.4772014617919922,0.3039100468158722,0.5449551343917847,0.5521782040596008,0.4979496896266937,0.5900487899780273,0.5866910219192505,0.5834146738052368,0.5764094591140747,-0.10767648369073868
0.2879,0.5723423957824707,0.5737566947937012,0.46695029735565186,0.7076478600502014,0.3962565064430237,0.5054942965507507,0.5604215860366821,0.5626893043518066,0.5114521980285645,0.5900529026985168,0.5871235132217407,0.5833648443222046,0.5764291286468506,-0.10767648369073868
0.3182,0.520838737487793,0.5573057532310486,0.38207146525382996,0.484863817691803,0.32809436321258545,0.4654307961463928,0.5589127540588379,0.5608846545219421,0.4956222474575043,0.5900635719299316,0.5863682627677917,0.583146333694458,0.5760384798049927,-0.10767648369073868
0.303,0.5478464961051941,0.5489625334739685,0.3619900345802307,0.5140432715415955,0.3920822739601135,-0.03962875157594681,0.5551756620407104,0.5581803321838379,0.4832529127597809,0.5900183916091919,0.5857570767402649,0.5833120346069336,0.5759072303771973,-0.10767648369073868
0.303,0.543526828289032,0.5339416861534119,0.36345094442367554,0.5097473859786987,0.41772300004959106,0.31746816635131836,0.5491267442703247,0.5529097318649292,0.47562175989151,0.5900008678436279,0.585512638092041,0.5827925801277161,0.5756063461303711,-0.10767648369073868
0.3182,0.48836588859558105,0.48541978001594543,0.3093263506889343,0.3710164725780487,0.3633146286010742,0.1595260500907898,0.5409624576568604,0.545665979385376,0.4681112468242645,0.5899356603622437,0.5846373438835144,0.58275306224823,0.5752777457237244,-0.10767648369073868
0.3182,0.45994406938552856,0.4649031460285187,0.2997320294380188,0.3781694769859314,0.4751637876033783,0.2509414553642273,0.5365033149719238,0.5377405881881714,0.4697267711162567,0.5898690819740295,0.5839102864265442,0.582541823387146,0.5744678378105164,-0.10767648369073868
0.303,0.49499839544296265,0.46461036801338196,0.32703733444213867,0.3193308711051941,0.443644642829895,0.29264670610427856,0.5343043804168701,0.5316213369369507,0.4719684422016144,0.5898165106773376,0.5833463668823242,0.5823960304260254,0.5745740532875061,-0.10767648369073868
0.3182,0.49872124195098877,0.4537152647972107,0.3171512484550476,0.3665207624435425,0.3760119378566742,0.22661934792995453,0.5325071811676025,0.5273289680480957,0.4759165346622467,0.5897365212440491,0.5823627710342407,0.5821784734725952,0.5739760398864746,-0.10767648369073868
0.2879,0.4442180395126343,0.45327073335647583,0.3048930764198303,0.5168554782867432,0.3495722711086273,0.436567485332489,0.5330451726913452,0.5228880047798157,0.4847748279571533,0.5896998643875122,0.5815635919570923,0.5818778872489929,0.5732751488685608,-0.10767648369073868
0.303,0.4654572606086731,0.442306250333786,0.31609463691711426,0.40942704677581787,0.3144039809703827,0.20863327383995056,0.5290225744247437,0.5205593705177307,0.48151594400405884,0.5897164344787598,0.5816694498062134,0.5822104215621948,0.5732202529907227,-0.10767648369073868
0.303,0.4855350852012634,0.42641186714172363,0.32213515043258667,0.36587971448898315,0.4127454459667206,0.31565794348716736,0.5265809893608093,0.5184211730957031,0.47847655415534973,0.5897133946418762,0.58153235912323,0.582138180732727,0.572877824306488,-0.10767648369073868
0.303,0.4777265191078186,0.4291514754295349,0.333843469619751,0.42646610736846924,0.508406937122345,0.3918122947216034,0.5234144926071167,0.5170642137527466,0.4753018915653229,0.5897448658943176,0.5817325711250305,0.5821365118026733,0.5733920335769653,-0.10767648369073868
0.3333,0.4492514133453369,0.4034522473812103,0.29174816608428955,0.33700287342071533,0.26438242197036743,0.2726878523826599,0.5211734175682068,0.515947163105011,0.47086846828460693,0.5897335410118103,0.5819070935249329,0.5820977091789246,0.5730705857276917,-0.10767648369073868
0.3333,0.4793007969856262,0.4392967224121094,0.3425459861755371,0.24117274582386017,0.5208613872528076,0.15638121962547302,0.5211589336395264,0.5162210464477539,0.46597999334335327,0.5897220969200134,0.5822721719741821,0.581994354724884,0.5735194683074951,-0.10767648369073868
0.3333,0.4790329933166504,0.47255760431289673,0.36968839168548584,0.529632568359375,0.43084391951560974,0.3373669981956482,0.5227882862091064,0.5170400142669678,0.4670388400554657,0.589740514755249,0.5823488831520081,0.5820558071136475,0.5734643340110779,-0.10767648369073868
0.3485,0.48282116651535034,0.471535861492157,0.3498764634132385,0.3543426990509033,0.3663844168186188,0.2324914038181305,0.5287366509437561,0.5163695216178894,0.4897521436214447,0.5896657705307007,0.5811578035354614,0.5817989706993103,0.5721600651741028,-0.10767648369073868
0.4091,0.4968438148498535,0.4861085116863251,0.36221396923065186,0.30659055709838867,0.4231477677822113,0.36367538571357727,0.5337923765182495,0.5194067358970642,0.4950527548789978,0.5896832942962646,0.5813069343566895,0.5818021297454834,0.5721933245658875,-0.10767648369073868
0.4242,0.5161200761795044,0.5163400173187256,0.399689644575119,0.5226432681083679,0.530759871006012,0.44943851232528687,0.5443719625473022,0.5293378829956055,0.5078189373016357,0.5897188186645508,0.5817126035690308,0.5819267630577087,0.5724127292633057,-0.10767648369073868
0.4242,0.5178590416908264,0.5347851514816284,0.4181378185749054,0.4902956485748291,0.5586575269699097,0.45655694603919983,0.5563639402389526,0.5412313938140869,0.5193848609924316,0.5897725820541382,0.5822758674621582,0.5820218324661255,0.572914719581604,-0.10767648369073868
0.4242,0.525678277015686,0.5451898574829102,0.4319835901260376,0.5135672688484192,0.5395707488059998,0.5121248960494995,0.5668346881866455,0.5531362891197205,0.5267760753631592,0.5898339748382568,0.5830382108688354,0.5823253393173218,0.5736221075057983,-0.10767648369073868
0.4242,0.53529953956604,0.546642541885376,0.43487638235092163,0.4320283532142639,0.5125982761383057,0.4101197421550751,0.5766240358352661,0.5653116703033447,0.5360918641090393,0.5898855328559875,0.583757758140564,0.5825045108795166,0.574134886264801,-0.10767648369073868
0.4091,0.5264514088630676,0.540475606918335,0.4304174780845642,0.5164966583251953,0.42794957756996155,0.5230719447135925,0.5848855972290039,0.5760529041290283,0.5445845127105713,0.5899388790130615,0.584394633769989,0.5827289819717407,0.5747308135032654,-0.10767648369073868
0.4091,0.52054363489151,0.531146764755249,0.41624265909194946,0.345573365688324,0.5750216245651245,0.432870477437973,0.5904833674430847,0.5818796157836914,0.5508749485015869,0.5899956226348877,0.5849809050559998,0.5830185413360596,0.5752652883529663,-0.10767648369073868
0.4091,0.523383617401123,0.5215616226196289,0.4096434712409973,0.5264056324958801,0.41996315121650696,0.41104966402053833,0.5943481922149658,0.5861465334892273,0.5566834211349487,0.5900418162345886,0.5855900645256042,0.583229124546051,0.5757989287376404,-0.10767648369073868
0.4091,0.528175413608551,0.5255494117736816,0.4109089970588684,0.5148317813873291,0.5632568597793579,0.46926504373550415,0.597159743309021,0.5872060656547546,0.5620732307434082,0.5900894999504089,0.5864177346229553,0.5834577083587646,0.5765970349311829,-0.10767648369073868
0.4091,0.507361888885498,0.5258978009223938,0.4071963429450989,0.5744255781173706,0.4707043468952179,0.5049888491630554,0.5990321040153503,0.5866780281066895,0.568793773651123,0.5901315212249756,0.5871060490608215,0.5836563110351562,0.5771047472953796,-0.10767648369073868
0.3485,0.5108139514923096,0.5315712690353394,0.4138879179954529,0.48023492097854614,0.4546387195587158,0.4605943262577057,0.6001936197280884,0.5858116149902344,0.5772304534912109,0.5901695489883423,0.587800145149231,0.5838881134986877,0.5776103138923645,-0.10767648369073868
0.3636,0.510262668132782,0.5098531246185303,0.3917863965034485,0.5838341116905212,0.5251253843307495,0.46569913625717163,0.5949008464813232,0.5788002014160156,0.5768920183181763,0.590187668800354,0.5880104303359985,0.5840275883674622,0.5777644515037537,-0.10767648369073868
0.3636,0.5121052265167236,0.5048784017562866,0.3930347263813019,0.5149229168891907,0.4905197322368622,0.3440026342868805,0.5898029208183289,0.5739587545394897,0.5757323503494263,0.5901896953582764,0.5880892276763916,0.5840707421302795,0.5778581500053406,-0.10767648369073868
0.3182,0.4999687671661377,0.5034148693084717,0.3917742967605591,0.5160205364227295,0.4439815878868103,0.4107062816619873,0.5839523673057556,0.5698487758636475,0.5731666088104248,0.59019935131073,0.5883110165596008,0.584057092666626,0.5778774619102478,-0.10767648369073868
0.3333,0.4834921956062317,0.4821147322654724,0.36950838565826416,0.46750408411026,0.38006216287612915,0.4081990122795105,0.5737562775611877,0.5638061761856079,0.558445394039154,0.590168833732605,0.5880047082901001,0.5840650200843811,0.5776216983795166,-0.10767648369073868
0.3333,0.48628032207489014,0.4838968515396118,0.38726913928985596,0.4066017270088196,0.4037994146347046,0.43082207441329956,0.5648399591445923,0.557837188243866,0.5417402386665344,0.5901232361793518,0.5876973271369934,0.5839205384254456,0.5774098634719849,-0.10767648369073868
0.3485,0.4798218607902527,0.4814935326576233,0.3937775492668152,0.5695376992225647,0.4796673059463501,0.32727739214897156,0.5574702024459839,0.5503635406494141,0.5247989892959595,0.5900725722312927,0.5870751738548279,0.5836731195449829,0.5769429802894592,-0.10767648369073868
0.3333,0.4773706793785095,0.4824952483177185,0.3948012590408325,0.5661627054214478,0.42080527544021606,0.28086474537849426,0.552607536315918,0.5441652536392212,0.5116215944290161,0.5900087356567383,0.586336076259613,0.583490788936615,0.5760983824729919,-0.10767648369073868
0.3333,0.47491925954818726,0.4850548803806305,0.39608442783355713,0.5030457377433777,0.4259052872657776,0.3743387460708618,0.548647403717041,0.5393065214157104,0.5018391609191895,0.5899585485458374,0.5855963826179504,0.5832355618476868,0.5754738450050354,-0.10767648369073868
0.3485,0.4863818287849426,0.48236027359962463,0.39416277408599854,0.43633824586868286,0.4272434711456299,0.4180234670639038,0.545516312122345,0.5361713767051697,0.494344562292099,0.5899028182029724,0.5848619937896729,0.5830370187759399,0.574832558631897,-0.10767648369073868
0.3788,0.48453783988952637,0.4827512204647064,0.3941705524921417,0.40006208419799805,0.41177618503570557,0.3314470946788788,0.5444897413253784,0.5341215133666992,0.49002721905708313,0.5898538827896118,0.5841994285583496,0.5827459096908569,0.5740311145782471,-0.10767648369073868
0.3636,0.4828355312347412,0.49936676025390625,0.41360700130462646,0.44587045907974243,0.6275025606155396,0.3407396376132965,0.5462931990623474,0.5356383323669434,0.4876924455165863,0.589820921421051,0.5838728547096252,0.5826175808906555,0.5737811326980591,-0.10767648369073868
0.3485,0.4777398705482483,0.48037034273147583,0.41233712434768677,0.45065587759017944,0.5639834403991699,0.44578516483306885,0.542937159538269,0.5326328277587891,0.47510939836502075,0.5897715091705322,0.5830440521240234,0.582487940788269,0.5729073882102966,-0.10767648369073868
0.3485,0.4795191287994385,0.46557456254959106,0.41087576746940613,0.5095720291137695,0.4191153943538666,0.45029664039611816,0.5384576916694641,0.5277547836303711,0.46452364325523376,0.5897043943405151,0.5819962620735168,0.5822386741638184,0.572263240814209,-0.10767648369073868
0.3939,0.46660393476486206,0.4558722972869873,0.4107639193534851,0.38831400871276855,0.36748403310775757,0.40922558307647705,0.5333987474441528,0.5219258666038513,0.45613348484039307,0.5896604657173157,0.5812678933143616,0.5819486975669861,0.5717284679412842,-0.10767648369073868
0.4091,0.4687214493751526,0.4644053876399994,0.4230421185493469,0.368579626083374,0.40284228324890137,0.45539921522140503,0.5338952541351318,0.5188236236572266,0.45421212911605835,0.5896081328392029,0.580689549446106,0.5818300247192383,0.5709381699562073,-0.10767648369073868
0.4091,0.486172616481781,0.4887487292289734,0.450439989566803,0.442229688167572,0.5346068143844604,0.4322640001773834,0.5380847454071045,0.5215835571289062,0.4519905745983124,0.5896037817001343,0.580650269985199,0.581839382648468,0.5706853866577148,-0.10767648369073868
0.4091,0.503406822681427,0.4991666376590729,0.4526205062866211,0.4218941926956177,0.42139503359794617,0.3942081928253174,0.5455426573753357,0.5257183313369751,0.45611172914505005,0.5896168351173401,0.5807482600212097,0.5819143652915955,0.5705321431159973,-0.10767648369073868
0.4091,0.5241637825965881,0.5202329158782959,0.44798707962036133,0.6296239495277405,0.4206978976726532,0.46382179856300354,0.5566211342811584,0.5347328186035156,0.4645543694496155,0.589626669883728,0.5812462568283081,0.5818666219711304,0.5710545778274536,-0.10767648369073868
0.4091,0.5002001523971558,0.5207059383392334,0.44568973779678345,0.5516576170921326,0.5357037782669067,0.43722671270370483,0.5610587000846863,0.5381560325622559,0.46539124846458435,0.5896950960159302,0.5816754698753357,0.581983208656311,0.5714977383613586,-0.10767648369073868
0.4091,0.5163934826850891,0.5156112909317017,0.44031715393066406,0.45430904626846313,0.5430876016616821,0.4082421064376831,0.564742386341095,0.5408362150192261,0.4651888608932495,0.5896912813186646,0.5820142030715942,0.5823378562927246,0.5716159343719482,-0.10767648369073868
0.4091,0.5115949511528015,0.5039418935775757,0.44824159145355225,0.5829511880874634,0.47108134627342224,0.3716709613800049,0.5653043985366821,0.5422152280807495,0.4667551517486572,0.5897228121757507,0.5824699997901917,0.5822597742080688,0.5720770955085754,-0.10767648369073868
0.3939,0.4884095788002014,0.4878283739089966,0.4475212097167969,0.5751408338546753,0.5536020994186401,0.3964993953704834,0.5645462870597839,0.5404477119445801,0.46905481815338135,0.5897172093391418,0.5824825763702393,0.5823903679847717,0.5721406936645508,-0.10767648369073868
0.3939,0.4713889956474304,0.474778950214386,0.4341772794723511,0.6570393443107605,0.45317086577415466,0.5025394558906555,0.562365710735321,0.5381100177764893,0.4688169062137604,0.5897128582000732,0.5825355648994446,0.5823886394500732,0.5718357563018799,-0.10767648369073868
0.3485,0.48616713285446167,0.4725787043571472,0.4387965798377991,0.5645851492881775,0.5934373736381531,0.3893294334411621,0.5602934956550598,0.5337520837783813,0.46979668736457825,0.5897071361541748,0.5827502012252808,0.582551121711731,0.5719079375267029,-0.10767648369073868
0.3333,0.47406327724456787,0.4522802233695984,0.4233662486076355,0.5613557696342468,0.4948541820049286,0.35053837299346924,0.5537354350090027,0.5272038578987122,0.4676361382007599,0.5896623134613037,0.5823690891265869,0.5825000405311584,0.571363091468811,-0.10767648369073868
0.3333,0.4542129635810852,0.44086238741874695,0.41255462169647217,0.5376842617988586,0.3998628854751587,0.38547372817993164,0.5458233952522278,0.5193778276443481,0.46428486704826355,0.5896561145782471,0.5815979838371277,0.5822799801826477,0.5714730024337769,-0.10767648369073868
0.3182,0.4582722783088684,0.43407684564590454,0.40506353974342346,0.5396446585655212,0.3972630202770233,0.36998993158340454,0.5384727120399475,0.5134117603302002,0.45613744854927063,0.5896297693252563,0.5815492868423462,0.5823902487754822,0.5710941553115845,-0.10767648369073868
0.3182,0.459961473941803,0.421211838722229,0.3989905118942261,0.4272505044937134,0.4668598175048828,0.3750821352005005,0.5303058624267578,0.5090637803077698,0.4424017369747162,0.5896087884902954,0.5813491344451904,0.5822223424911499,0.571158766746521,-0.10767648369073868
0.303,0.44990217685699463,0.42675334215164185,0.4012720584869385,0.6228774785995483,0.37461164593696594,0.4040885269641876,0.5225576162338257,0.5059046745300293,0.428877055644989,0.5895870923995972,0.5812186598777771,0.582080066204071,0.5713917016983032,-0.10767648369073868
0.3182,0.4442048668861389,0.4232826232910156,0.4037656784057617,0.490326464176178,0.5184097290039062,0.3493037521839142,0.5150947570800781,0.5026606321334839,0.4157584309577942,0.5895470380783081,0.5807306170463562,0.5819543600082397,0.570526123046875,-0.10767648369073868
0.3182,0.45788633823394775,0.4332663416862488,0.4046025574207306,0.38045090436935425,0.39622700214385986,0.3398655951023102,0.5110845565795898,0.4987882375717163,0.41021281480789185,0.5894852876663208,0.5802380442619324,0.5816736817359924,0.5701618790626526,-0.10767648369073868
0.303,0.45255547761917114,0.44226449728012085,0.40026313066482544,0.515148937702179,0.38361209630966187,0.30841803550720215,0.5086522102355957,0.49469268321990967,0.40948405861854553,0.5894449353218079,0.5796749591827393,0.5815697312355042,0.5691259503364563,-0.10767648369073868
0.303,0.4538714289665222,0.4421873688697815,0.39401811361312866,0.48068177700042725,0.4671461284160614,0.3094567358493805,0.5059105157852173,0.49072664976119995,0.41315799951553345,0.5893774628639221,0.5785917639732361,0.5812400579452515,0.5684906244277954,-0.10767648369073868
0.3333,0.4620886445045471,0.4428780674934387,0.38531678915023804,0.49412083625793457,0.4822758734226227,0.2689420282840729,0.5050716400146484,0.48877954483032227,0.4128354787826538,0.5893428921699524,0.5779407620429993,0.5809593200683594,0.5679047703742981,-0.10767648369073868
0.3485,0.4686341881752014,0.4563421607017517,0.38872987031936646,0.4539114832878113,0.40382814407348633,0.3833233714103699,0.5083277821540833,0.4895164966583252,0.4172133207321167,0.5893290638923645,0.5776879787445068,0.5807849764823914,0.5678061842918396,-0.10767648369073868
0.3939,0.46823203563690186,0.47045236825942993,0.3871194124221802,0.3949298858642578,0.423088937997818,0.4199405312538147,0.513620913028717,0.49153298139572144,0.42259088158607483,0.5893343687057495,0.577549397945404,0.5806695222854614,0.56773841381073,-0.10767648369073868
0.4242,0.48940885066986084,0.49952635169029236,0.4162225127220154,0.400814950466156,0.6238924264907837,0.52504563331604,0.5236363410949707,0.4975764751434326,0.43018487095832825,0.5893539786338806,0.5777712464332581,0.5807473659515381,0.5679627656936646,-0.10767648369073868
0.4242,0.5102598071098328,0.5268833041191101,0.449920654296875,0.6089978814125061,0.5075820684432983,0.37229371070861816,0.537028968334198,0.5091392397880554,0.4389905631542206,0.5894041657447815,0.5783736705780029,0.5808753967285156,0.568383514881134,-0.10767648369073868
0.4091,0.5044997334480286,0.5253978371620178,0.4468591809272766,0.4886460304260254,0.6790589094161987,0.40034347772598267,0.5496139526367188,0.5211324095726013,0.44867607951164246,0.5894554257392883,0.5787851810455322,0.5809930562973022,0.5688958168029785,-0.10767648369073868
0.4091,0.4980735182762146,0.5168427228927612,0.4400063157081604,0.3968619704246521,0.5795023441314697,0.45207470655441284,0.5584732294082642,0.5319927930831909,0.45311346650123596,0.5895254611968994,0.5793541669845581,0.5812389850616455,0.5694760084152222,-0.10767648369073868
0.4091,0.5041695237159729,0.5062265992164612,0.4339737296104431,0.4716545343399048,0.5533437728881836,0.538259744644165,0.5651298761367798,0.5412374138832092,0.45620259642601013,0.589592456817627,0.5800257921218872,0.5815069079399109,0.5701566934585571,-0.10767648369073868
0.3939,0.4996016025543213,0.49880552291870117,0.4261604845523834,0.5568921566009521,0.40865057706832886,0.3946768641471863,0.57042396068573,0.5480219125747681,0.45901235938072205,0.5896462202072144,0.5806792378425598,0.5817229747772217,0.5708070397377014,-0.10767648369073868
0.3939,0.4779849052429199,0.48925548791885376,0.41214674711227417,0.5005462765693665,0.44974634051322937,0.4380720257759094,0.5732790231704712,0.5506091117858887,0.46077761054039,0.5897049903869629,0.5812585353851318,0.5819648504257202,0.5714189410209656,-0.10767648369073868
0.3939,0.48106521368026733,0.48739445209503174,0.41148531436920166,0.4405115842819214,0.33731555938720703,0.4288070797920227,0.575404167175293,0.551506757736206,0.46284815669059753,0.5897444486618042,0.5819406509399414,0.5822283029556274,0.5720456838607788,-0.10767648369073868
0.3939,0.4860236644744873,0.4848233461380005,0.41890227794647217,0.4959380626678467,0.41610321402549744,0.43439456820487976,0.57574063539505,0.5492441058158875,0.46487298607826233,0.5897861123085022,0.5825811624526978,0.5824416875839233,0.5725647807121277,-0.10767648369073868
0.3333,0.4829363226890564,0.487092524766922,0.4232020378112793,0.44924962520599365,0.4834303557872772,0.3461465835571289,0.5758185386657715,0.5483431220054626,0.4690457284450531,0.5898211002349854,0.5830738544464111,0.5826136469841003,0.5731680393218994,-0.10767648369073868
0.3333,0.4616739749908447,0.46080243587493896,0.3979577422142029,0.5231214165687561,0.4779072105884552,0.3224096894264221,0.5687444806098938,0.5427452921867371,0.467710018157959,0.5898367762565613,0.5831434726715088,0.5826737880706787,0.573308527469635,-0.10767648369073868
0.3333,0.462321937084198,0.4457418918609619,0.3963695168495178,0.34522807598114014,0.3918921649456024,0.33322349190711975,0.5591886043548584,0.5346028208732605,0.4633156359195709,0.5898252725601196,0.5830850601196289,0.5827443599700928,0.5731814503669739,-0.10767648369073868
0.303,0.463356614112854,0.4436224102973938,0.39495688676834106,0.611422598361969,0.3796510696411133,0.37335216999053955,0.5499634742736816,0.5268666744232178,0.4544263780117035,0.5898119211196899,0.5831599831581116,0.5826576948165894,0.5729378461837769,-0.10767648369073868
0.3333,0.4443274140357971,0.43378984928131104,0.3770425617694855,0.39874041080474854,0.4921724796295166,0.4264103174209595,0.5389109253883362,0.5207713842391968,0.4350142478942871,0.5897674560546875,0.5826878547668457,0.5825283527374268,0.5723979473114014,-0.10767648369073868
0.303,0.4545707106590271,0.44568440318107605,0.39942872524261475,0.510241687297821,0.5296850204467773,0.3819699287414551,0.5317716002464294,0.5162512063980103,0.4213177561759949,0.5897147059440613,0.5823279619216919,0.582369863986969,0.5718741416931152,-0.10767648369073868
0.3182,0.4510424733161926,0.4450104236602783,0.397276908159256,0.36763298511505127,0.39060521125793457,0.3643360435962677,0.5240514278411865,0.5112590789794922,0.40691709518432617,0.5896613597869873,0.5815935134887695,0.5820580720901489,0.5713038444519043,-0.10767648369073868
0.3182,0.45410335063934326,0.44439131021499634,0.39455652236938477,0.350951611995697,0.4505622982978821,0.3679785430431366,0.5189757943153381,0.5048444867134094,0.4003612697124481,0.5895717144012451,0.5806133151054382,0.5818096399307251,0.5704420208930969,-0.10767648369073868
0.303,0.4501720666885376,0.4476999044418335,0.39727842807769775,0.3990402817726135,0.3110817074775696,0.4429780840873718,0.5156164169311523,0.4997090697288513,0.3971891701221466,0.5895205140113831,0.579822301864624,0.5813988447189331,0.5697267651557922,-0.10767648369073868
0.303,0.44807809591293335,0.4447747468948364,0.38704007863998413,0.39590245485305786,0.45606833696365356,0.2726384997367859,0.5113490223884583,0.49534446001052856,0.3888976573944092,0.5894590616226196,0.5788941383361816,0.5811971426010132,0.5690985918045044,-0.10767648369073868
0.3182,0.44671201705932617,0.4367111325263977,0.3819084167480469,0.4259326457977295,0.4362656772136688,0.3649972975254059,0.5058838129043579,0.48962149024009705,0.3791499137878418,0.5893765687942505,0.5777846574783325,0.5808877944946289,0.5678533911705017,-0.10767648369073868
0.303,0.44417351484298706,0.4287245273590088,0.3853886127471924,0.32217171788215637,0.5300431251525879,0.3192996680736542,0.5018534660339355,0.4828583598136902,0.3730289340019226,0.5893250107765198,0.576944887638092,0.5805208086967468,0.5671700239181519,-0.10767648369073868
0.303,0.435296893119812,0.41995853185653687,0.36971306800842285,0.2874831557273865,0.49382898211479187,0.23561686277389526,0.4969954788684845,0.4771663546562195,0.3668025732040405,0.5892657041549683,0.5760655403137207,0.5802516341209412,0.5662202835083008,-0.10767648369073868
0.303,0.4349226951599121,0.4231734871864319,0.373738169670105,0.3358384668827057,0.26123130321502686,0.39634910225868225,0.494729608297348,0.47312626242637634,0.36405861377716064,0.5892156362533569,0.5752073526382446,0.5799742341041565,0.5656623840332031,-0.10767648369073868
0.3333,0.44423383474349976,0.43373024463653564,0.3711290955543518,0.3665013909339905,0.49590858817100525,0.3866029381752014,0.49424824118614197,0.47142159938812256,0.36240261793136597,0.5891894102096558,0.5746341347694397,0.5797635316848755,0.5653258562088013,-0.10767648369073868
0.3333,0.45987725257873535,0.4332970082759857,0.36798858642578125,0.23404726386070251,0.368364542722702,0.31601056456565857,0.49859514832496643,0.47201213240623474,0.36853212118148804,0.5891767740249634,0.5743219256401062,0.5796653032302856,0.5647770762443542,-0.10767648369073868
0.3182,0.4615855813026428,0.45050331950187683,0.3750339150428772,0.5072433352470398,0.6132721900939941,0.2640385329723358,0.5042605996131897,0.4749346971511841,0.3691757321357727,0.5892052054405212,0.5745256543159485,0.5795078277587891,0.5652458667755127,-0.10767648369073868
0.3333,0.45292240381240845,0.4436131715774536,0.36479198932647705,0.3270958364009857,0.4290677607059479,0.4013095498085022,0.5061535835266113,0.4765147566795349,0.3675195872783661,0.5892316102981567,0.5745344161987305,0.5796850919723511,0.5652280449867249,-0.10767648369073868
0.3333,0.46802598237991333,0.4397066831588745,0.36924946308135986,0.3998056650161743,0.46512141823768616,0.3408987820148468,0.5086909532546997,0.4789015054702759,0.368508517742157,0.5892417430877686,0.5747221112251282,0.5796033143997192,0.5652440786361694,-0.10767648369073868
0.3182,0.457211434841156,0.44027823209762573,0.36507582664489746,0.32144269347190857,0.4485245943069458,0.2839503586292267,0.5095393657684326,0.479900598526001,0.37069398164749146,0.5892723202705383,0.5750101804733276,0.5796722173690796,0.565506100654602,-0.10767648369073868
0.3333,0.43979185819625854,0.42223647236824036,0.35229307413101196,0.5176531076431274,0.44961127638816833,0.388723224401474,0.508954644203186,0.48122334480285645,0.37265798449516296,0.5892634391784668,0.5748668909072876,0.5796946883201599,0.5653399229049683,-0.10767648369073868
0.3333,0.4460400342941284,0.4240165948867798,0.3647325038909912,0.4126759171485901,0.42149677872657776,0.3022828996181488,0.5085822343826294,0.481500506401062,0.3745195269584656,0.5892813205718994,0.5750077962875366,0.5796658992767334,0.565582275390625,-0.10767648369073868
0.3333,0.45076632499694824,0.4244115650653839,0.371690571308136,0.4166933298110962,0.4576919972896576,0.4417683184146881,0.508796215057373,0.4816246032714844,0.3777938485145569,0.5892902612686157,0.5751185417175293,0.5797972679138184,0.5655534863471985,-0.10767648369073868
0.3485,0.4365239143371582,0.41505324840545654,0.36834684014320374,0.29492732882499695,0.36724138259887695,0.4461032748222351,0.5076865553855896,0.48079293966293335,0.3809998035430908,0.5892816781997681,0.5750138759613037,0.5797330737113953,0.5655084848403931,-0.10767648369073868
0.3333,0.4352529048919678,0.4217298626899719,0.3808332681655884,0.5187003016471863,0.4062831401824951,0.3851252794265747,0.5072230696678162,0.48049062490463257,0.38331401348114014,0.5893046855926514,0.5751222372055054,0.5798008441925049,0.5660322308540344,-0.10767648369073868
0.3485,0.44263023138046265,0.41659170389175415,0.383652925491333,0.42143601179122925,0.42898935079574585,0.3744112253189087,0.5057868957519531,0.47925835847854614,0.38428443670272827,0.5893129110336304,0.5752848982810974,0.5799154043197632,0.5659123659133911,-0.10767648369073868
0.3333,0.4416435956954956,0.41754332184791565,0.3898574709892273,0.3562973737716675,0.3187393546104431,0.34724801778793335,0.5048316121101379,0.47967764735221863,0.38578206300735474,0.5893144011497498,0.5753378868103027,0.5799124240875244,0.5660312175750732,-0.10767648369073868
0.3333,0.4296993613243103,0.41680973768234253,0.3825812339782715,0.4286181330680847,0.37537530064582825,0.3095516860485077,0.5029745697975159,0.47844552993774414,0.3854083716869354,0.5893179178237915,0.5754770040512085,0.5799117684364319,0.5659875869750977,-0.10767648369073868
0.3182,0.4350196123123169,0.4087204337120056,0.3760421872138977,0.3397594690322876,0.48223385214805603,0.4249531626701355,0.5003055334091187,0.47645771503448486,0.3846704959869385,0.5893093347549438,0.575509250164032,0.5799698829650879,0.5657967329025269,-0.10767648369073868
0.2879,0.4378991723060608,0.4163320064544678,0.3824257254600525,0.4097793400287628,0.30434709787368774,0.39633530378341675,0.49793511629104614,0.473806768655777,0.383647084236145,0.5892848968505859,0.5753957033157349,0.5798643827438354,0.565653920173645,-0.10767648369073868
0.3333,0.4261135458946228,0.4095836877822876,0.36484742164611816,0.33788567781448364,0.3093244433403015,0.46764326095581055,0.49318790435791016,0.47214972972869873,0.38154667615890503,0.5892422199249268,0.5748017430305481,0.5797590017318726,0.5651663541793823,-0.10767648369073868
0.2879,0.44034165143966675,0.4125709533691406,0.37800872325897217,0.3650406002998352,0.30533504486083984,0.31465214490890503,0.49244290590286255,0.47018885612487793,0.38449352979660034,0.5892059803009033,0.5744967460632324,0.5796291828155518,0.5647605061531067,-0.10767648369073868
0.2727,0.4341491460800171,0.4126344323158264,0.37075600028038025,0.35545814037323,0.36331838369369507,0.22199347615242004,0.48976874351501465,0.4686576724052429,0.38033998012542725,0.5891836881637573,0.5741341710090637,0.5794781446456909,0.5644190311431885,-0.10767648369073868
0.2727,0.4342147707939148,0.41063815355300903,0.3578735589981079,0.37646031379699707,0.3004147708415985,0.2547728419303894,0.4874155819416046,0.4673978090286255,0.3765411674976349,0.5891392827033997,0.5735569596290588,0.5793976783752441,0.5639928579330444,-0.10767648369073868
0.2879,0.4359360337257385,0.41558921337127686,0.3577285408973694,0.5646482110023499,0.5471428632736206,0.2772965729236603,0.48602741956710815,0.46638768911361694,0.37199559807777405,0.5891152024269104,0.5732409954071045,0.5791979432106018,0.5636537671089172,-0.10767648369073868
0.2727,0.44371914863586426,0.424515038728714,0.35409116744995117,0.2991625666618347,0.47587257623672485,0.16677947342395782,0.48722702264785767,0.4659300744533539,0.3675425052642822,0.5891038179397583,0.5731784105300903,0.5792070627212524,0.5636457204818726,-0.10767648369073868
0.303,0.44117891788482666,0.4285888671875,0.33473286032676697,0.2457272708415985,0.38919711112976074,0.2503901422023773,0.4888031482696533,0.46747612953186035,0.36280524730682373,0.5890883207321167,0.573005199432373,0.5791249871253967,0.5633628964424133,-0.10767648369073868
0.3333,0.4501086473464966,0.433666855096817,0.3515821099281311,0.2209717333316803,0.5286290049552917,0.29092296957969666,0.4924415349960327,0.468486487865448,0.3601300120353699,0.5890942811965942,0.5730682611465454,0.5791493058204651,0.5636276006698608,-0.10767648369073868
0.3333,0.463218629360199,0.43977105617523193,0.3637024164199829,0.4636581540107727,0.5796060562133789,0.296120285987854,0.49779170751571655,0.4695083498954773,0.3609796166419983,0.5891140699386597,0.5734373331069946,0.5792019963264465,0.5638854503631592,-0.10767648369073868
0.3939,0.45163875818252563,0.43813222646713257,0.36072224378585815,0.46098363399505615,0.4189654588699341,0.343789279460907,0.502549409866333,0.4711594581604004,0.3633613586425781,0.5891391038894653,0.573650598526001,0.5792686939239502,0.5641475319862366,-0.10767648369073868
0.3939,0.4709629416465759,0.47279757261276245,0.40649425983428955,0.2931925356388092,0.3294684588909149,0.45473212003707886,0.5117697715759277,0.47727543115615845,0.3704637885093689,0.5891876220703125,0.5743823051452637,0.5795260071754456,0.5649168491363525,-0.10767648369073868
0.4091,0.47635966539382935,0.47494882345199585,0.4177424907684326,0.3866901993751526,0.4403757154941559,0.4181661307811737,0.5205417275428772,0.4848793148994446,0.3798372745513916,0.5892464518547058,0.5749175548553467,0.5796902179718018,0.5654792785644531,-0.10767648369073868
0.4091,0.4793497323989868,0.48796916007995605,0.43216127157211304,0.426738440990448,0.60603266954422,0.40295296907424927,0.5298407077789307,0.4946257472038269,0.38798922300338745,0.58929443359375,0.5754923820495605,0.5799971222877502,0.5662215948104858,-0.10767648369073868
0.4091,0.46995657682418823,0.4889114797115326,0.4326980710029602,0.5364977121353149,0.6070910692214966,0.3347609043121338,0.5382523536682129,0.5041595697402954,0.3954125940799713,0.5893602967262268,0.5761961936950684,0.5802263021469116,0.5666754245758057,-0.10767648369073868
0.4091,0.47340261936187744,0.4808327853679657,0.4286670684814453,0.3498356342315674,0.48771464824676514,0.3582882583141327,0.5450452566146851,0.5135115385055542,0.4001556634902954,0.5894111394882202,0.5768649578094482,0.5805084705352783,0.567466139793396,-0.10767648369073868
0.3485,0.46959465742111206,0.4761195778846741,0.4329935908317566,0.556233286857605,0.5080016851425171,0.40800854563713074,0.5491579174995422,0.5193359851837158,0.4026942849159241,0.5894694328308105,0.5775139331817627,0.5807875394821167,0.5680702924728394,-0.10767648369073868
0.3485,0.4404456615447998,0.44199052453041077,0.39950627088546753,0.4603387117385864,0.5111656188964844,0.3546200692653656,0.5462533235549927,0.5190526843070984,0.4026511311531067,0.5894792079925537,0.5774942636489868,0.5809149742126465,0.5682874917984009,-0.10767648369073868
0.3333,0.44250351190567017,0.42274826765060425,0.3848609924316406,0.3555150032043457,0.34232068061828613,0.4449996054172516,0.5416623950004578,0.5154268741607666,0.4004356861114502,0.5894806385040283,0.5777343511581421,0.5809805989265442,0.568490743637085,-0.10767648369073868
0.2879,0.42758846282958984,0.41540858149528503,0.38085436820983887,0.5322039127349854,0.4807318150997162,0.36314231157302856,0.5351517200469971,0.5094343423843384,0.3949686884880066,0.5894917249679565,0.5778820514678955,0.5809874534606934,0.568515419960022,-0.10767648369073868
0.2727,0.4207989573478699,0.4108120799064636,0.36185479164123535,0.22952239215373993,0.5225652456283569,0.242843359708786,0.5260018110275269,0.5034618377685547,0.3850199580192566,0.5894678831100464,0.577677309513092,0.5810400247573853,0.5682442784309387,-0.10767648369073868
0.2879,0.41828083992004395,0.40092235803604126,0.3530622124671936,0.47269517183303833,0.45930835604667664,0.2150871753692627,0.5151587724685669,0.49608632922172546,0.3737220764160156,0.5894258618354797,0.5772490501403809,0.5808776021003723,0.5675830841064453,-0.10767648369073868
0.303,0.429141640663147,0.40623775124549866,0.37067291140556335,0.3912714719772339,0.2595145106315613,0.18120740354061127,0.5064529180526733,0.4875854551792145,0.3627201020717621,0.5893900394439697,0.5770678520202637,0.5807467699050903,0.5672162175178528,-0.10767648369073868
0.2879,0.42748212814331055,0.40884649753570557,0.37067776918411255,0.5504464507102966,0.5218293070793152,0.2709636390209198,0.49993258714675903,0.4800349473953247,0.3510366678237915,0.5893640518188477,0.5768077373504639,0.58053058385849,0.5667150616645813,-0.10767648369073868
0.303,0.4202061891555786,0.409094899892807,0.3705254793167114,0.5099745392799377,0.5103365182876587,0.2594042122364044,0.49283885955810547,0.4736230671405792,0.3364884853363037,0.5893059968948364,0.576197624206543,0.5804091095924377,0.5661076307296753,-0.10767648369073868
0.303,0.43671637773513794,0.41664454340934753,0.38743871450424194,0.3453525900840759,0.5066380500793457,0.25015345215797424,0.4865744411945343,0.4670926034450531,0.3247116506099701,0.5892528295516968,0.575620174407959,0.5801933407783508,0.5654897689819336,-0.10767648369073868
