,# y,pred_rnn_a,pred_rnn_b,pred_rnn_c,pred_cnn_a,pred_cnn_b,pred_cnn_c,pred_as01_a,pred_as01_b,pred_as01_c,pred_as02_a,pred_as02_b,pred_as02_c,pred_lstm_a,pred_adaptive_mixture
0,-0.85438013,-0.85438013,-0.85438013,-0.85438013,-0.85438013,-0.85438013,-0.85438013,-0.85438013,-0.85438013,-0.85438013,-0.85438013,-0.85438013,-0.85438013,-0.85438013,-0.85438013
1,-0.8713298,-0.8713298,-0.8713298,-0.8713298,-0.8713298,-0.8713298,-0.8713298,-0.8713298,-0.8713298,-0.8713298,-0.8713298,-0.8713298,-0.8713298,-0.8713298,-0.8713298
2,-0.8510935,-0.8510935,-0.8510935,-0.8510935,-0.8510935,-0.8510935,-0.8510935,-0.8510935,-0.8510935,-0.8510935,-0.8510935,-0.8510935,-0.8510935,-0.8510935,-0.8510935
3,-0.90368074,-0.90368074,-0.90368074,-0.90368074,-0.90368074,-0.90368074,-0.90368074,-0.90368074,-0.90368074,-0.90368074,-0.90368074,-0.90368074,-0.90368074,-0.90368074,-0.90368074
4,-0.93964434,-0.93964434,-0.93964434,-0.93964434,-0.93964434,-0.93964434,-0.93964434,-0.93964434,-0.93964434,-0.93964434,-0.93964434,-0.93964434,-0.93964434,-0.93964434,-0.93964434
5,-0.9517589,0.7177944,0.68280077,0.7966962,0.2634403,0.45454204,0.19185221,1.2001686,1.1342614,1.0794647,-0.29198316,-0.2720334,-0.3120089,-0.37265247,-0.7795143
6,-0.97552645,0.6439482,0.61207855,0.73624235,0.58434486,0.31878567,0.2710919,1.1104169,1.0536427,1.0028257,-0.29473087,-0.2720334,-0.31492618,-0.37388253,-0.77195406
7,-0.97560793,0.5576283,0.52980137,0.66467947,0.28843325,0.20095932,0.043206334,1.0046877,0.9589049,0.9136641,-0.2977806,-0.2720334,-0.31803456,-0.374924,-0.7733365
8,-0.97737354,0.48876128,0.458182,0.5973597,0.15480527,0.33135217,0.18192598,0.8738528,0.83884674,0.8031423,-0.30118498,-0.2720334,-0.32163247,-0.37638503,-0.7925117
9,-0.9477117,0.45045316,0.41762263,0.5587089,0.342658,0.18752353,0.19800669,0.792359,0.76321125,0.7345466,-0.30321988,-0.2720334,-0.3237526,-0.37704837,-0.7968991
10,-0.9618092,0.44975927,0.4115875,0.5490728,0.42377865,0.3023434,0.112909,0.7824574,0.75391036,0.72738034,-0.30351654,-0.2720334,-0.3239918,-0.37711197,-0.8057897
11,-0.99978286,0.46117872,0.42175922,0.5562512,0.24060637,0.38400882,0.27368507,0.77414465,0.7442658,0.7195725,-0.3037164,-0.2720334,-0.32420668,-0.3771947,-0.80489945
12,-1.0040746,0.4484671,0.41515064,0.55256456,0.16240765,0.14892505,0.24052612,0.7485914,0.72016245,0.6963343,-0.30421385,-0.2720334,-0.32487246,-0.3773119,-0.81268084
13,-1.0115715,0.4172629,0.3871331,0.5311503,0.34201324,0.28501043,0.3309996,0.71417344,0.68972266,0.66708887,-0.30498,-0.2720334,-0.32575843,-0.37743926,-0.8089899
14,-1.100394,0.37172607,0.3444817,0.4966217,0.16858637,0.22290783,0.21296453,0.6698282,0.6518445,0.6306457,-0.3061026,-0.2720334,-0.3268368,-0.37755173,-0.7987567
15,-1.0737745,0.2743501,0.25807843,0.42341843,0.29386595,0.24135438,0.028761417,0.49212265,0.4873814,0.47698405,-0.310142,-0.27203327,-0.3312076,-0.37775886,-0.8073871
16,-0.9506181,0.19382349,0.17653236,0.34756485,0.36894274,0.24167691,0.15210497,0.35865366,0.36464557,0.36262944,-0.31321755,-0.27203327,-0.3345373,-0.37797886,-0.82853985
17,-1.0104035,0.2152794,0.17968118,0.3415224,0.21669218,0.33944514,0.111790635,0.40769967,0.413456,0.41116786,-0.31240472,-0.27203327,-0.33325097,-0.37770146,-0.8117081
18,-1.0091541,0.25092837,0.21444836,0.36775357,0.1331504,0.08454509,0.13369206,0.4078743,0.4093945,0.409338,-0.31248793,-0.2720332,-0.33320144,-0.37772733,-0.8180108
19,-1.1081083,0.3037841,0.26498485,0.4057317,0.18638586,0.1634711,0.11014372,0.42194593,0.4156131,0.41784778,-0.31182227,-0.2720332,-0.33294657,-0.37771964,-0.86476886
20,-1.1479561,0.2802484,0.25243142,0.41280308,0.08281483,0.087688535,0.16433096,0.4135976,0.40877622,0.4069121,-0.3118691,-0.2720332,-0.3332086,-0.3776849,-0.81553817
21,-1.1561594,0.14743003,0.14321896,0.3270752,0.27701733,0.0015058517,-0.043192565,0.31548303,0.32608667,0.32308352,-0.3141699,-0.27203315,-0.33562663,-0.37723327,-0.81995416
22,-1.1591744,0.014707506,0.010404021,0.20451498,0.12126383,0.12505773,-0.008041769,0.09175062,0.11603764,0.122329116,-0.31994703,-0.2720331,-0.3416417,-0.37705266,-0.8155259
23,-1.2477524,-0.08149886,-0.08542821,0.109892994,0.33010525,-0.04208395,-0.13708931,-0.051792175,-0.020497978,-0.012562752,-0.32428077,-0.27203292,-0.34598854,-0.3765337,-0.8302289
24,-1.1989137,-0.17927778,-0.17741534,0.019990325,0.08553845,0.073147446,-0.037759453,-0.229103,-0.20122683,-0.19781697,-0.33047518,-0.2720328,-0.3526738,-0.3749159,-0.8538686
25,-1.2162707,-0.22699374,-0.22755781,-0.0352571,-0.31930432,0.084049016,0.043610886,-0.28757402,-0.2611676,-0.26137865,-0.33299074,-0.27203274,-0.3553709,-0.37412387,-0.87791085
26,-1.2272173,-0.26438338,-0.26469418,-0.06954771,-0.07339364,0.038977087,-0.09477973,-0.32655242,-0.30191255,-0.30599093,-0.3350655,-0.27203268,-0.35734478,-0.37341565,-0.85288846
27,-1.231156,-0.29180437,-0.29064444,-0.10006356,0.006075889,0.011494085,-0.0052165985,-0.36146405,-0.34055746,-0.34839684,-0.33695754,-0.27203262,-0.35933784,-0.3726288,-0.8863883
28,-1.2318078,-0.30266273,-0.3034273,-0.115082026,-0.12580457,-0.25770625,-0.07052183,-0.39119264,-0.3755502,-0.38727188,-0.3386937,-0.27203256,-0.3613055,-0.37171954,-0.8899751
29,-1.2403098,-0.31238163,-0.3111734,-0.120146394,0.04625711,-0.06059417,-0.09383333,-0.38629004,-0.36871892,-0.3799653,-0.33842334,-0.27203256,-0.3609334,-0.37199515,-0.8828472
30,-1.2016028,-0.32669878,-0.32511112,-0.13480985,-0.1422779,0.06132342,-0.11605832,-0.403136,-0.38827074,-0.4020962,-0.3395215,-0.27203256,-0.36209354,-0.3714438,-0.88759446
31,-1.1273396,-0.3168438,-0.31878278,-0.13284212,4.9114227e-05,-0.13160649,-0.064205945,-0.3975784,-0.3815928,-0.39419222,-0.33918926,-0.27203256,-0.36169484,-0.3716321,-0.89298785
32,-1.1464078,-0.26209027,-0.2734085,-0.095247805,0.18811575,-0.09619185,-0.12919348,-0.35323927,-0.331518,-0.33699942,-0.33664784,-0.27203262,-0.35883847,-0.3726831,-0.8884593
33,-1.0885782,-0.20161271,-0.21610865,-0.039901376,-0.045749277,0.13520916,-0.03808421,-0.30604067,-0.28249854,-0.28220516,-0.33419523,-0.27203268,-0.35626093,-0.37361634,-0.88677895
34,-1.0814887,-0.11199272,-0.13474378,0.03334117,0.3217802,-0.016581655,0.0055965483,-0.2158685,-0.19047344,-0.1818099,-0.3301172,-0.2720328,-0.35211536,-0.37488717,-0.9005095
35,-1.0535924,-0.02883774,-0.05506453,0.114798725,-0.13301459,0.12553068,-0.027346,-0.096468,-0.07146931,-0.05795884,-0.3258271,-0.27203292,-0.34755293,-0.37634712,-0.8635248
36,-1.0986828,0.043278724,0.01512745,0.1810503,0.20909151,0.11718303,0.018827945,0.032857865,0.055242598,0.06929928,-0.32185945,-0.27203298,-0.3433343,-0.37738854,-0.86604273
37,-1.0551951,0.07558766,0.050656617,0.21874914,0.37057966,0.28131378,0.03001821,0.06535545,0.08372384,0.09729165,-0.32082847,-0.27203304,-0.34240893,-0.377531,-0.8523463
38,-1.1109332,0.104050696,0.07873705,0.24631904,0.295392,0.18083456,-0.14774919,0.15270862,0.16967839,0.18012324,-0.31845763,-0.27203315,-0.33990827,-0.3779934,-0.85416615
39,-1.101888,0.08711439,0.067680895,0.24308497,0.11125019,0.25938076,0.027946442,0.13060644,0.14848667,0.15840542,-0.31905732,-0.2720331,-0.34052387,-0.3778841,-0.8282372
40,-1.053348,0.05945307,0.04285577,0.21920896,0.16311587,0.2444347,0.18673345,0.106993526,0.1277853,0.13742763,-0.3196335,-0.27203304,-0.34117964,-0.37780374,-0.8514508
41,-1.0674183,0.06918383,0.044163465,0.21656132,0.124798626,0.015868157,0.08203673,0.10683575,0.12730086,0.13856798,-0.31973502,-0.27203304,-0.34119108,-0.37780046,-0.8382945
42,-1.0354749,0.083597064,0.05931166,0.23054333,-0.035992175,0.10352145,0.048931092,0.13795999,0.15764561,0.16777074,-0.3190005,-0.2720331,-0.34026864,-0.37792414,-0.83664167
43,-0.96213514,0.12644264,0.09516963,0.2560439,0.27839348,0.12371352,0.091257125,0.16332734,0.17840004,0.19020918,-0.3182499,-0.2720331,-0.3396053,-0.37791878,-0.8588828
44,-0.9450769,0.22275704,0.18007329,0.3305782,0.09163912,0.17436586,0.03483638,0.32543692,0.33060876,0.33733034,-0.31432125,-0.27203315,-0.33533528,-0.3778621,-0.84057224
45,-0.9597992,0.32971346,0.28232202,0.42146993,0.27597022,0.163769,0.078636974,0.5088979,0.5000783,0.4968764,-0.31008908,-0.27203327,-0.33074096,-0.3776403,-0.83065605
46,-0.9998915,0.4188317,0.37183097,0.5005366,0.34002647,0.081701845,0.105826005,0.62661874,0.60440725,0.59451556,-0.30719045,-0.27203327,-0.32789305,-0.3773828,-0.8388468
47,-1.0380553,0.44968286,0.41264272,0.5462496,0.23994015,0.21002524,0.23116228,0.70680237,0.6785646,0.66006845,-0.3051549,-0.27203333,-0.32594898,-0.37736988,-0.82085884
48,-1.0059488,0.4017098,0.37738335,0.5262405,0.049183726,0.22945528,0.15464601,0.6978863,0.67523235,0.6523043,-0.30531916,-0.27203333,-0.3261688,-0.377361,-0.8048539
49,-1.0263209,0.34591532,0.319957,0.475794,0.38492042,-0.00278157,0.1114289,0.6400444,0.6256008,0.60579646,-0.30677202,-0.27203333,-0.32757923,-0.37755322,-0.8032129
50,-1.0453349,0.29853836,0.27198982,0.4311334,0.31721675,0.18182446,0.03981021,0.54404515,0.5370075,0.5245664,-0.30910245,-0.27203333,-0.32990685,-0.37792856,-0.80120564
51,-1.0372404,0.26194865,0.23605147,0.39471695,0.34432584,0.12267354,0.13990806,0.44671455,0.4448682,0.44000596,-0.31128332,-0.27203327,-0.33231023,-0.37820876,-0.8269304
52,-1.063534,0.24490236,0.21721712,0.37703675,0.11054805,0.010745257,0.14006956,0.40409595,0.404434,0.40291515,-0.31225494,-0.27203327,-0.3333914,-0.37827814,-0.8257115
53,-1.0655985,0.21207964,0.18928528,0.35564587,0.17294309,-0.0072275996,0.052349135,0.3720095,0.37649387,0.37519658,-0.31305405,-0.27203327,-0.33416858,-0.3782491,-0.8180109
54,-1.045009,0.17769355,0.15523824,0.32277745,0.07861957,0.23560841,-0.01746878,0.30419677,0.31294188,0.31563446,-0.31464514,-0.2720332,-0.33589056,-0.37826854,-0.83192956
55,-1.0419668,0.1678198,0.14185712,0.30866855,0.44691443,0.11824322,0.08699919,0.28236613,0.2926643,0.2971558,-0.31522712,-0.2720332,-0.33644995,-0.37827545,-0.8290086
56,-1.0374849,0.17115924,0.14375848,0.30878654,0.18440914,0.10102841,0.05295983,0.28572738,0.29601333,0.30065835,-0.31520507,-0.2720332,-0.33634225,-0.37827796,-0.8298882
57,-1.0595955,0.18754235,0.15764841,0.31817663,0.23281938,0.18719196,0.08146429,0.2883389,0.2965899,0.3023479,-0.315106,-0.27203315,-0.33628884,-0.37827617,-0.83947504
58,-1.0080947,0.192545,0.16549906,0.32787287,-0.23845944,0.16115755,0.004775211,0.29440665,0.30150524,0.30656147,-0.31490543,-0.2720332,-0.33614883,-0.3782817,-0.83446026
59,-1.0450362,0.21658677,0.18492243,0.343688,0.14658183,0.13825731,0.14006561,0.35614562,0.36096168,0.36288235,-0.3134673,-0.2720332,-0.3345681,-0.3782707,-0.835912
60,-1.0237405,0.22302821,0.19376749,0.35424963,0.2956784,0.14860195,0.109844476,0.358179,0.3618937,0.36353612,-0.31345418,-0.27203327,-0.33450928,-0.37827194,-0.8203852
61,-1.0020374,0.23516303,0.20482615,0.36128423,0.00827536,0.258498,-0.06475687,0.37910432,0.3813657,0.38209766,-0.31288943,-0.27203327,-0.3339903,-0.37826353,-0.8420695
62,-0.9891622,0.26515555,0.23004887,0.38387156,0.2291566,0.16512367,0.026868463,0.42101917,0.41946027,0.4187774,-0.31194928,-0.27203327,-0.33296028,-0.3782032,-0.8240397
63,-0.9130791,0.29904854,0.26333213,0.41358614,0.33343714,0.11776577,-0.04419914,0.50119054,0.49531397,0.4889793,-0.3101488,-0.27203333,-0.33094695,-0.37811035,-0.8242806
64,-0.94578314,0.3860732,0.33682895,0.4709163,0.1860209,0.045287043,0.29902297,0.61584234,0.5983437,0.58799225,-0.3075286,-0.27203327,-0.32814577,-0.37743944,-0.8316381
65,-0.98258877,0.46524864,0.4179157,0.54559916,0.21870515,0.1331088,0.24781904,0.7359655,0.70656854,0.6878277,-0.30470607,-0.2720334,-0.32515964,-0.3770694,-0.8126497
66,-0.94420767,0.49166334,0.45308706,0.5807959,0.28525424,0.32310864,0.11482214,0.78605103,0.7519082,0.7277162,-0.30329368,-0.2720334,-0.32392576,-0.37696362,-0.82593274
67,-0.9851421,0.506612,0.46716833,0.5980109,0.22582182,0.18238437,0.14551856,0.8473847,0.81037503,0.78042233,-0.30179712,-0.2720334,-0.32236835,-0.37663645,-0.80613446
68,-0.96316737,0.47785947,0.44626224,0.58622426,0.21157034,0.20319586,0.16346161,0.84709454,0.8139091,0.78063035,-0.30192217,-0.2720334,-0.32232383,-0.37657362,-0.78387
69,-1.0066551,0.45693856,0.4216469,0.5585661,0.2726506,0.17909092,0.07206005,0.7918829,0.76211655,0.73447824,-0.30321738,-0.2720334,-0.32375887,-0.3770393,-0.8137435
70,-1.0077959,0.4299144,0.3978216,0.5400312,0.17352352,0.20744321,0.14878774,0.72534,0.6993389,0.67659,-0.30478093,-0.2720334,-0.32546797,-0.37739342,-0.798399
71,-1.0194216,0.4803215,0.43360704,0.65606064,0.060735926,0.110302895,0.16292693,0.9738122,0.91398275,0.88547724,-0.49609467,-0.40171653,-0.54570234,-0.56260854,-0.81180716
72,-1.0163794,0.40835762,0.36390826,0.5931153,0.34237695,0.23397896,0.1930083,0.85394216,0.802368,0.7798521,-0.49896482,-0.40171653,-0.5487528,-0.5640428,-0.80500853
73,-1.0040202,0.33973426,0.2996379,0.5332829,0.11384508,0.35026652,0.15590858,0.7740145,0.73027337,0.7093865,-0.50089896,-0.40171653,-0.5506842,-0.565324,-0.81232166
74,-1.003477,0.30266166,0.25854242,0.48819217,0.13508546,0.119073555,0.1428618,0.678657,0.63938814,0.62404025,-0.5030292,-0.40171653,-0.5529537,-0.56704056,-0.818254
75,-1.0573138,0.29389918,0.24879387,0.47565398,0.38263512,0.21000606,0.096862115,0.65248793,0.6138175,0.5994309,-0.50358915,-0.40171653,-0.5535294,-0.567978,-0.81986535
76,-1.0655441,0.26902246,0.22867051,0.45868975,0.07331443,0.13368803,0.13638628,0.59379315,0.5581154,0.5471743,-0.5048255,-0.40171653,-0.5549357,-0.56790346,-0.82223475
77,-1.067201,0.22837004,0.19193551,0.42839837,0.28072757,0.09627779,-0.016278252,0.53456676,0.5039358,0.49546927,-0.5060897,-0.40171653,-0.5563644,-0.5678509,-0.82703555
78,-1.0631266,0.17119896,0.13897735,0.38395482,-0.12758848,0.15372224,0.1790682,0.4617427,0.43836656,0.43218166,-0.50779116,-0.40171647,-0.5580889,-0.56793994,-0.81414413
79,-1.0729595,0.118962884,0.0876469,0.33447537,0.19555867,-0.09293571,0.08465837,0.37970012,0.3630268,0.3605408,-0.5097313,-0.40171647,-0.560048,-0.56808037,-0.8248279
80,-1.0735028,0.08066186,0.049570054,0.2954654,0.19073035,-0.026182055,0.24473283,0.29012445,0.27748463,0.27954516,-0.5118265,-0.4017164,-0.56226146,-0.56815547,-0.83560884
81,-1.0617142,0.03510943,0.010542065,0.25730634,0.30691448,0.00383313,0.17053112,0.20799324,0.19924706,0.20231023,-0.51350534,-0.40171635,-0.5641161,-0.5696731,-0.8399302
82,-1.055005,0.004997641,-0.019541949,0.22488832,-0.01080066,0.1791799,-0.044216335,0.16250327,0.15682733,0.16048482,-0.5144123,-0.40171635,-0.56509554,-0.5709098,-0.83766174
83,-1.0557383,0.021524966,-0.01178214,0.2278319,0.056061387,0.27251703,0.04589781,0.19338629,0.18728358,0.1917074,-0.5138663,-0.40171635,-0.5643383,-0.5703623,-0.8373891
84,-1.0486217,0.048452646,0.013007879,0.24841346,0.23933007,0.16259208,0.035462916,0.20304032,0.1937728,0.19915578,-0.5136334,-0.4017163,-0.5640801,-0.5704561,-0.8408674
85,-1.0447645,0.085686594,0.04716748,0.27866486,0.20601553,0.1306265,0.05830109,0.2351653,0.22113329,0.22662735,-0.51273274,-0.40171635,-0.563313,-0.5706592,-0.84009767
86,-1.0556568,0.091713965,0.05756578,0.29580283,0.094447955,0.2019152,0.24109396,0.2633536,0.24821746,0.25033152,-0.5120152,-0.4017164,-0.5626035,-0.5709434,-0.83520675
87,-1.0614969,0.04355061,0.02296713,0.2658469,0.21920355,0.08399618,0.14194646,0.2341045,0.22363701,0.22287512,-0.5125762,-0.4017164,-0.5631999,-0.5715499,-0.83468926
88,-1.0547333,-0.013429701,-0.029483408,0.21178484,0.066212654,0.10076912,-0.012789637,0.14186051,0.13654938,0.1359533,-0.51452863,-0.40171635,-0.56532,-0.5735769,-0.8355478
89,-1.0567976,-0.056812704,-0.07059881,0.16689718,-0.02397269,0.21566975,0.0041082203,0.08419606,0.083147645,0.0814268,-0.5159247,-0.4017163,-0.56671965,-0.5749333,-0.8320899
90,-1.0466115,-0.10056585,-0.10993913,0.12263444,0.22339012,0.11105719,-0.015383288,-0.00085270405,0.00042641163,-0.003572762,-0.518116,-0.4017163,-0.5690954,-0.5769857,-0.8314464
91,-1.0380553,-0.11574143,-0.12678215,0.098582566,0.17350206,0.22553213,0.13707708,-0.02896446,-0.026897669,-0.03167987,-0.5189365,-0.40171623,-0.5699991,-0.5777185,-0.8369466
92,-1.0358552,-0.1149227,-0.12698933,0.094815254,0.25920796,0.073468804,0.19322436,-0.02830711,-0.027046919,-0.03361255,-0.5191195,-0.40171623,-0.57012796,-0.57831174,-0.83478105
93,-1.0339808,-0.10881251,-0.12021974,0.09631455,0.07197124,0.10852291,0.12398356,-0.0179407,-0.018403053,-0.02746439,-0.51902103,-0.40171623,-0.5700375,-0.578963,-0.8349141
94,-1.0359638,-0.09704393,-0.109478086,0.10383588,0.40861508,0.14813091,0.0504456,-0.010222554,-0.0131857395,-0.024391294,-0.5189574,-0.40171623,-0.57007504,-0.5796347,-0.8345723
95,-1.0358822,-0.09149611,-0.10205582,0.11239892,0.22486013,0.14791913,0.07631169,0.014806598,0.011238396,-0.0014362931,-0.51832414,-0.40171623,-0.56938016,-0.5796178,-0.830824
96,-1.034171,-0.09415591,-0.10366604,0.10989046,0.32145134,0.051586166,0.1381646,0.01701516,0.013024092,-0.0014221668,-0.5183908,-0.4017163,-0.5694636,-0.5799614,-0.8294158
97,-1.0290644,-0.08945519,-0.10074493,0.111762494,0.19841215,0.21190462,0.09258029,0.024015337,0.019925416,0.0057801604,-0.5181912,-0.4017163,-0.5692332,-0.57987195,-0.8281878
98,-1.0270815,-0.06386387,-0.08101675,0.13101918,0.2920762,0.16361181,0.22942173,0.05444935,0.04956633,0.03800723,-0.5172242,-0.4017163,-0.56813145,-0.57911795,-0.82819855
99,-1.0184709,-0.03227848,-0.05280879,0.16090286,0.050346613,0.16633151,0.16585553,0.0859355,0.07875556,0.069242954,-0.5162604,-0.4017163,-0.5671016,-0.57851595,-0.8282012
100,-1.0255604,0.015584052,-0.01142475,0.2025668,0.116737545,-0.09303948,0.10024571,0.1482372,0.1373663,0.13034362,-0.51450574,-0.40171635,-0.5652784,-0.5774447,-0.82887423
101,-1.0197475,0.05703202,0.027553618,0.24671106,0.04616967,0.2892725,0.020421803,0.21354863,0.19908771,0.19342881,-0.51285946,-0.4017164,-0.5635098,-0.57621235,-0.8262627
102,-1.0341982,0.092438936,0.06057915,0.2815101,0.16440427,0.24010766,-0.003812164,0.28386158,0.2663322,0.26056248,-0.51122904,-0.4017164,-0.5617583,-0.57495326,-0.8279897
103,-1.0345241,0.101118565,0.071712464,0.29721087,0.28508943,0.18060333,0.0061671883,0.2914207,0.2725222,0.26673204,-0.5110204,-0.40171647,-0.5615994,-0.57471687,-0.82276714
104,-1.0288199,0.101031125,0.072153,0.30069822,0.103559464,0.3291123,0.055407405,0.3164729,0.29835832,0.29231745,-0.5104935,-0.40171647,-0.5610262,-0.57383484,-0.82621586
105,-1.0312917,0.08801448,0.060744554,0.29200923,0.25764534,0.26171985,0.05633083,0.29537743,0.2786513,0.27300927,-0.51099277,-0.40171647,-0.5615251,-0.57401454,-0.82335746
106,-1.0336821,0.072102755,0.046723485,0.27735192,0.11210768,0.17262885,0.15859237,0.2790535,0.2642805,0.25856352,-0.5113629,-0.4017164,-0.5618956,-0.57416743,-0.8244903
107,-1.0440583,0.073616534,0.044389397,0.27278513,0.18575293,0.16458374,0.085477814,0.26426864,0.24952555,0.2458325,-0.5117059,-0.4017164,-0.5622674,-0.57413346,-0.8288468
108,-1.0475352,0.07201707,0.044350475,0.27474123,0.2873533,0.02148664,0.09245907,0.26545572,0.25111043,0.24763334,-0.5117203,-0.4017164,-0.56224513,-0.573757,-0.8271184
109,-1.0540271,0.07470453,0.04478869,0.27503687,0.08653656,0.07957962,0.11577805,0.2595416,0.24507642,0.24300882,-0.51183665,-0.4017164,-0.56241715,-0.5735382,-0.8275691
110,-1.0475624,0.09375033,0.058374703,0.2910849,0.09865339,0.025204048,0.14186944,0.29218826,0.27677894,0.27653942,-0.5112858,-0.4017164,-0.56175995,-0.5718788,-0.82666373
111,-1.0542172,0.12376949,0.08348915,0.31664586,0.21797618,0.22158039,0.11341832,0.3411079,0.32348514,0.32392302,-0.51042485,-0.4017164,-0.56075037,-0.57011706,-0.82992566
112,-1.0610622,0.15006465,0.10779858,0.3411554,0.15450542,0.19575414,0.15221119,0.3620001,0.3415368,0.34317368,-0.51004195,-0.4017164,-0.56039035,-0.5690431,-0.8300648
113,-1.0546519,0.15253681,0.11427519,0.3521579,0.1886415,0.11270857,0.10403669,0.3728331,0.35199264,0.35295045,-0.5098294,-0.4017164,-0.5602336,-0.5682824,-0.8343992
114,-1.0475624,0.12893307,0.0958083,0.33846092,0.26694834,0.1511706,-0.020044431,0.3612115,0.3429634,0.34265998,-0.51009643,-0.4017164,-0.5605142,-0.5682422,-0.83399606
115,-1.0463128,0.108629644,0.0752303,0.31760168,0.16087662,0.13618177,0.060524642,0.34618315,0.33049646,0.32991546,-0.51044583,-0.4017164,-0.5608001,-0.56874305,-0.8320317
116,-1.0485401,0.09705016,0.063480794,0.30287078,-0.31897768,-0.016152412,0.07755177,0.31319982,0.29857954,0.29911718,-0.51112497,-0.4017164,-0.5614909,-0.56965876,-0.83517444
117,-1.0428631,0.091213286,0.058582395,0.2950114,0.15355861,0.104661405,0.10635358,0.28484967,0.27016342,0.27146345,-0.51160395,-0.4017164,-0.56208444,-0.5706485,-0.836292
118,-1.0512022,0.09320307,0.060073763,0.29581892,0.09709987,0.12472831,0.119978964,0.28903985,0.27383107,0.27446362,-0.51143026,-0.4017164,-0.561936,-0.5711688,-0.83426857
119,-1.0437052,0.08055818,0.051256746,0.289289,0.055648834,0.09825924,0.09052453,0.28094262,0.26697868,0.26657915,-0.5115994,-0.4017164,-0.56208897,-0.5714178,-0.83101106
120,-1.0454979,0.068397075,0.039497852,0.27564186,0.32071564,-0.07876104,0.08556485,0.25954443,0.24672717,0.24649724,-0.51200056,-0.4017164,-0.5625447,-0.5720618,-0.83403635
121,-1.0382183,0.0659571,0.03575766,0.27119792,0.4445264,0.040021285,-0.028998375,0.2524284,0.23989198,0.24002326,-0.51216626,-0.4017164,-0.562698,-0.57226086,-0.83015513
122,-1.0372132,0.072689146,0.04115987,0.27476716,0.25261116,0.16881655,0.12641554,0.26490596,0.2518595,0.2516156,-0.51190245,-0.4017164,-0.5623802,-0.57225895,-0.8330966
123,-1.0337093,0.08759192,0.05377713,0.28514242,0.09514138,0.22829643,0.18244521,0.27319038,0.2582833,0.25851652,-0.5116923,-0.40171647,-0.5621871,-0.57229924,-0.83150387
124,-1.0304226,0.09947786,0.06643376,0.29799926,0.18595573,0.24975029,-0.03635454,0.2951818,0.27868003,0.2776088,-0.5111666,-0.40171647,-0.5616548,-0.57235426,-0.8320173
125,-1.0349859,0.11898017,0.08294979,0.31327197,0.18091884,0.16188174,0.20543897,0.33400583,0.31564337,0.31377172,-0.51034915,-0.40171647,-0.560768,-0.57178926,-0.83049273
126,-1.0414778,0.12689734,0.09246698,0.32400495,0.36688235,0.101802066,0.17944568,0.34689462,0.32735598,0.32445854,-0.51005924,-0.40171647,-0.56045365,-0.5718357,-0.828985
127,-1.0441127,0.12847638,0.09459296,0.32617864,0.10953379,0.091094896,0.14314519,0.35118535,0.33144033,0.3285045,-0.5099417,-0.40171647,-0.56037664,-0.5716302,-0.8292079
128,-1.0497625,0.13157427,0.096226275,0.32970655,0.06968187,0.23688786,0.029506147,0.35823625,0.3383632,0.3357544,-0.50983644,-0.40171647,-0.5602555,-0.5712388,-0.8277309
129,-1.0502785,0.13090342,0.09565315,0.3312145,0.027094781,0.023464262,0.11862333,0.3688904,0.34979197,0.34730113,-0.5097264,-0.40171647,-0.5600685,-0.5703835,-0.8269602
130,-1.0479969,0.1520502,0.10977498,0.34306988,0.005264044,0.25166923,0.08645703,0.3882978,0.36761427,0.36717814,-0.5094272,-0.4017164,-0.55972743,-0.56918406,-0.82958245
131,-1.045851,0.17633027,0.13229504,0.3665632,-0.04341477,0.16659917,0.021380365,0.41787896,0.39499074,0.39488465,-0.5088973,-0.4017164,-0.55913043,-0.5680242,-0.8303435
132,-1.0563631,0.18556511,0.14352137,0.37874088,0.023974389,0.30309996,0.026151061,0.4316148,0.4076897,0.40708324,-0.50858057,-0.4017164,-0.5588503,-0.5675793,-0.8317269
133,-1.0517997,0.18700969,0.14521036,0.38298562,0.09136936,0.10839172,0.015891314,0.44156456,0.4176921,0.41702276,-0.5083978,-0.4017164,-0.5586742,-0.56685245,-0.83273876
134,-1.0491921,0.17244744,0.13427565,0.37508047,0.2058351,0.18690121,0.18821862,0.4387247,0.4166779,0.41488034,-0.508505,-0.4017164,-0.5587292,-0.56673,-0.83455706
135,-1.0504687,0.16276371,0.12330204,0.3621896,-0.08213487,0.08206263,0.11740695,0.41871238,0.39757645,0.39655954,-0.50891733,-0.4017164,-0.5591707,-0.56737155,-0.83074415
136,-1.050849,0.15131754,0.11370841,0.35314476,0.06546503,0.09536967,0.11328268,0.39123303,0.37088215,0.37039596,-0.509477,-0.4017164,-0.5597856,-0.5681046,-0.83325684
137,-1.0504687,0.1727134,0.12814057,0.40231255,0.002848655,0.1750892,0.0033810437,0.482923,0.45018792,0.45269087,-0.5765506,-0.4344231,-0.6396769,-0.6269339,-0.8349699
138,-1.0511206,0.14592734,0.10417548,0.37807608,0.05877398,0.1490995,0.16195583,0.44313052,0.41226065,0.41399032,-0.57734215,-0.4344231,-0.64055216,-0.62851393,-0.83330834
139,-1.053022,0.11841041,0.08007762,0.3528875,-0.06873453,0.096884176,0.03084962,0.41327867,0.3849074,0.38549602,-0.5779836,-0.4344231,-0.6412022,-0.6293444,-0.83294
140,-1.058183,0.101930976,0.063156694,0.3325235,0.30918318,0.19879839,0.16619612,0.3732057,0.34606206,0.3469258,-0.5787833,-0.4344231,-0.64208806,-0.6304728,-0.8333899
141,-1.0576397,0.09309995,0.054946095,0.32356197,0.07631649,0.04830271,0.107108764,0.35468137,0.32825047,0.32919905,-0.5791764,-0.4344231,-0.6425123,-0.6306801,-0.83336246
142,-1.0571237,0.077495664,0.041983604,0.31129575,-0.029574722,0.20637369,-0.01819183,0.3250364,0.29985827,0.30115765,-0.5797597,-0.43442303,-0.64316964,-0.63133883,-0.83384204
143,-1.06185,0.05684492,0.023647636,0.294088,0.35947913,0.22105365,-0.10910219,0.29550305,0.27230847,0.2737277,-0.58035934,-0.43442303,-0.64382553,-0.63194126,-0.83321273
144,-1.0614697,0.028992295,-0.0008508265,0.27071998,0.15374911,-0.017927498,0.11017315,0.25696477,0.2365579,0.23796171,-0.5811845,-0.43442303,-0.6446855,-0.63258845,-0.83462644
145,-1.0581286,0.0046029985,-0.023786157,0.24601035,-0.031053483,0.071054354,-0.057046592,0.21751292,0.19950128,0.20127058,-0.5820191,-0.43442303,-0.64556575,-0.6333769,-0.8363383
146,-1.0471549,-0.011251867,-0.03915569,0.22834486,0.37701976,0.10436797,0.2051685,0.18383467,0.16705436,0.1690118,-0.5827073,-0.43442297,-0.6463065,-0.63443476,-0.8351456
147,-1.0493822,-0.021833777,-0.04804185,0.21637008,0.058099747,0.1694462,0.13131747,0.16389894,0.14783537,0.14852035,-0.58303916,-0.43442297,-0.6466781,-0.6352807,-0.8360368
148,-1.0498168,-0.023806691,-0.05005607,0.21091053,0.06925504,0.2309061,0.16494438,0.1560215,0.13988084,0.13989824,-0.58313096,-0.43442297,-0.64680064,-0.63570064,-0.8358023
149,-1.0474808,-0.008175373,-0.03795573,0.22070791,0.2909802,0.13217613,0.124877654,0.18160394,0.16418454,0.16448516,-0.58259106,-0.43442297,-0.6461979,-0.6354156,-0.83767724
150,-1.0462584,0.009269595,-0.02188453,0.2363979,0.24303862,0.22757179,0.07310423,0.20053685,0.18109685,0.18104637,-0.5821488,-0.43442303,-0.6457356,-0.63545793,-0.83422136
151,-1.0466659,0.027214378,-0.0055918396,0.2529971,0.18222624,0.20053005,0.03663993,0.22522943,0.20376873,0.2033521,-0.58157396,-0.43442303,-0.6451677,-0.63527536,-0.83222556
152,-1.0467203,0.031541348,5.9217215e-05,0.26161924,0.0029160082,0.09711963,0.04816723,0.23675641,0.21477002,0.21352625,-0.58132625,-0.43442303,-0.6449194,-0.6349473,-0.8330498
153,-1.0463943,0.014499992,-0.010889083,0.25101256,0.32186994,0.14018606,0.0032730997,0.22871357,0.20821461,0.20514533,-0.5814545,-0.43442303,-0.6450691,-0.6350855,-0.8329295
154,-1.0446287,-0.0071632266,-0.029559344,0.22959864,-0.006587833,0.14126533,0.02025181,0.19703737,0.17823642,0.17323202,-0.5820559,-0.43442303,-0.6457429,-0.63590825,-0.8321401
155,-1.0419668,-0.023312747,-0.044148773,0.21162054,0.3216281,0.2338433,0.02628243,0.17776299,0.16041636,0.15373284,-0.58248127,-0.43442303,-0.646176,-0.6363702,-0.8319949
156,-1.0420482,-0.03762561,-0.056373626,0.19518188,0.066302806,0.19311446,0.07825124,0.14923471,0.132326,0.12296432,-0.5831404,-0.43442303,-0.6469126,-0.63721246,-0.83196807
157,-1.0496267,-0.040048182,-0.059342712,0.18826398,-0.10261729,0.15540761,0.118611135,0.14344493,0.12631881,0.11591238,-0.58329916,-0.43442303,-0.6471082,-0.637526,-0.83187234
158,-1.0475352,-0.04137689,-0.060106605,0.18688825,0.11330846,0.22501089,0.145871,0.14094973,0.12348977,0.11222714,-0.5834305,-0.43442303,-0.64724755,-0.6374534,-0.83175445
159,-1.0465573,-0.04227668,-0.060630053,0.1851098,0.08542982,0.061742038,0.081751645,0.14342284,0.12566203,0.11328876,-0.5834563,-0.43442303,-0.6472857,-0.6372897,-0.8320384
160,-1.054516,-0.041027904,-0.060094148,0.18539804,0.13454932,0.24018535,-0.0007469356,0.14385137,0.12558594,0.11233461,-0.583537,-0.43442303,-0.64738417,-0.63721526,-0.82962096
161,-1.0550864,-0.046040118,-0.06357905,0.18339261,0.0038091838,0.16519794,0.11529942,0.14010417,0.12244797,0.109574884,-0.58365405,-0.43442303,-0.64749014,-0.6368122,-0.8313948
162,-1.057341,-0.053815484,-0.07075587,0.1760673,0.011292249,0.027354524,-0.05973783,0.12692419,0.10980314,0.09693137,-0.5840093,-0.43442297,-0.6478883,-0.636671,-0.83378434
163,-1.0621216,-0.05942452,-0.076636046,0.17105597,-0.11097863,0.018937469,0.11114149,0.12068698,0.1044316,0.0920358,-0.58416736,-0.43442297,-0.6480309,-0.63652533,-0.8314606
164,-1.058672,-0.05925566,-0.07848576,0.17063957,0.03869781,0.1552185,0.08025673,0.11635086,0.101046205,0.09095132,-0.58422005,-0.43442297,-0.6480392,-0.6360567,-0.8331461
165,-1.0635884,-0.052325666,-0.0740653,0.17662904,0.0918321,0.23187692,0.10191306,0.115362495,0.09997517,0.09212637,-0.58420134,-0.43442297,-0.6480043,-0.63566095,-0.8351495
166,-1.0625561,-0.038965344,-0.063683,0.18961588,0.26412344,0.07887803,0.1094199,0.12924966,0.1133281,0.10808197,-0.58384144,-0.43442303,-0.6476058,-0.6349745,-0.8340423
167,-1.055005,-0.02658838,-0.0530847,0.20378198,-0.07198167,0.22864528,0.08264303,0.14575869,0.1292541,0.12628603,-0.5834615,-0.43442303,-0.64717937,-0.6343516,-0.8370911
168,-1.0570421,-0.0099594,-0.039313704,0.21896553,0.057064146,0.12426297,-0.01646331,0.17446962,0.15697369,0.15558606,-0.58285165,-0.43442303,-0.64649534,-0.63373345,-0.83623993
169,-1.0552493,-0.0027122498,-0.031343848,0.22886619,-0.0050283372,-0.06200838,0.087738544,0.18294886,0.16457382,0.16310677,-0.58264923,-0.43442303,-0.64628613,-0.63377494,-0.83568704
170,-1.0524244,0.0025945902,-0.026250392,0.23420407,0.021776885,0.124877304,0.26139975,0.19669984,0.17803285,0.17709243,-0.58233535,-0.43442303,-0.64596415,-0.6335979,-0.83839273
171,-1.051338,0.0040323436,-0.024293154,0.23659894,0.1505099,-0.02657172,0.104410365,0.20104483,0.18203372,0.18030593,-0.5822084,-0.43442303,-0.64583015,-0.63389444,-0.83586204
172,-1.0583459,0.0027143955,-0.02451083,0.23535395,0.4054577,0.19343911,0.086403966,0.20694405,0.18807721,0.18534088,-0.5820544,-0.43442303,-0.6456555,-0.6341071,-0.83487487
173,-1.0547876,0.002872765,-0.025076717,0.23413861,-0.069447726,0.19221652,0.10807586,0.19834672,0.17927593,0.17715669,-0.5822191,-0.43442303,-0.64585745,-0.63427967,-0.83507264
174,-1.0487846,0.0016033947,-0.025647312,0.2345042,0.23372605,0.053769067,0.07870993,0.20089911,0.1820578,0.17986935,-0.58216023,-0.43442303,-0.645789,-0.634317,-0.83552635
175,-1.0545975,0.005033672,-0.023866743,0.23591308,0.18575048,0.25437617,0.17158768,0.2052599,0.18620124,0.18420142,-0.5820569,-0.43442303,-0.6456692,-0.63447565,-0.8328726
176,-1.0551407,0.013013184,-0.017872542,0.2432276,0.21999848,0.22248213,-0.058039844,0.2156886,0.19617575,0.19576108,-0.5818839,-0.43442303,-0.6454507,-0.634257,-0.8339052
177,-1.0551951,0.025294662,-0.007992476,0.2540241,0.17294416,0.17026651,0.03942205,0.23061231,0.2101335,0.21132386,-0.5816219,-0.43442303,-0.645162,-0.63385123,-0.8366102
178,-1.0578027,0.034827143,0.00061410666,0.2645807,0.25274742,0.22311206,0.20572107,0.24159847,0.22009379,0.22181946,-0.5813993,-0.43442303,-0.644935,-0.6338111,-0.8334018
179,-1.0564717,0.031293005,-0.00082471967,0.2659608,0.123814225,0.15813632,0.13843466,0.24194558,0.22081012,0.22245097,-0.581408,-0.43442303,-0.644951,-0.6337814,-0.83338344
180,-1.0520442,0.019031465,-0.011030048,0.25662845,0.13773632,0.30533144,0.023396567,0.22932486,0.20946223,0.21096355,-0.5816884,-0.43442297,-0.64525425,-0.63381565,-0.8350446
181,-1.0546789,0.012668699,-0.01776436,0.24841094,0.22757113,0.065086246,0.051411808,0.22626911,0.20727158,0.20839041,-0.58176434,-0.43442297,-0.6452974,-0.6339,-0.8345336
182,-1.0524788,0.0097049475,-0.020530313,0.24370413,0.13934399,0.1778099,0.12029653,0.21465605,0.19577566,0.19670135,-0.5819863,-0.43442297,-0.64552927,-0.63420045,-0.83465207
183,-1.059351,0.010508478,-0.019590586,0.24264194,0.26566988,0.13517104,0.10823317,0.20720193,0.18787551,0.18848145,-0.58207417,-0.43442303,-0.6456728,-0.6344867,-0.8362818
184,-1.0611709,0.009544432,-0.019873291,0.24323866,0.19486594,0.07096076,0.08710505,0.20716912,0.18779683,0.18804279,-0.58206177,-0.43442297,-0.64567745,-0.6343858,-0.8338957
185,-1.053348,-0.001364708,-0.028234571,0.23625933,0.09282991,0.1952176,0.09557704,0.19847247,0.18023944,0.17989981,-0.5822542,-0.43442297,-0.64587677,-0.63438195,-0.8351302
186,-1.0526961,-0.0077455044,-0.03522852,0.22771463,0.42686933,0.14513257,0.154991,0.18847102,0.17095608,0.17047074,-0.58246136,-0.43442297,-0.6460924,-0.634535,-0.8341811
187,-1.0520442,-0.006878257,-0.035274297,0.22665814,0.15586704,0.2151286,0.17021696,0.18788323,0.1703622,0.169891,-0.5824894,-0.43442297,-0.64609087,-0.63461155,-0.8337358
188,-1.0545703,0.0006595552,-0.02897045,0.23124543,0.13098535,0.109241515,0.11801182,0.19389859,0.1756272,0.17550367,-0.58235955,-0.43442303,-0.64595604,-0.63445336,-0.8370645
189,-1.0526146,0.010525942,-0.020030648,0.23999003,0.24890965,0.14905599,-0.13780534,0.20268196,0.18316254,0.1830867,-0.5821407,-0.43442303,-0.6457552,-0.6344285,-0.83559906
190,-1.055684,0.01678425,-0.013431758,0.2477023,0.088062346,0.12905085,0.05964218,0.21971697,0.1995818,0.19872603,-0.5817661,-0.43442303,-0.6453577,-0.6342598,-0.8345605
191,-1.0537826,0.022563756,-0.008826703,0.25306126,0.26418182,0.18414024,0.02888231,0.23167309,0.21119294,0.2108281,-0.58155215,-0.43442303,-0.64511335,-0.6338642,-0.8333415
192,-1.050849,0.024431467,-0.006600708,0.25609675,0.15248504,0.00546889,-0.03600937,0.23507679,0.21442905,0.21394897,-0.58149374,-0.43442303,-0.6450435,-0.63371897,-0.8347479
193,-1.054869,0.026733011,-0.004717082,0.25766748,-0.11617124,0.1713466,0.031902015,0.23804939,0.21718317,0.21685427,-0.5814254,-0.43442303,-0.64497864,-0.6337089,-0.8339225
194,-1.0586176,0.028049886,-0.0035508573,0.25979024,0.06510669,0.11200419,0.081391454,0.2405679,0.21959531,0.21950349,-0.581385,-0.43442303,-0.64492965,-0.6336717,-0.83407307
195,-1.0583459,0.025014311,-0.005929023,0.2585357,0.21189415,0.04967946,0.16385014,0.23835301,0.2178362,0.21830899,-0.5814625,-0.43442303,-0.64500546,-0.633557,-0.83536065
196,-1.0519356,0.029150605,-0.0044582784,0.2604442,0.12929824,-0.12758616,0.019139439,0.24233453,0.22166222,0.22333413,-0.58141863,-0.43442303,-0.644945,-0.6334127,-0.83405495
197,-1.0590794,0.03796184,0.0024896562,0.26849267,0.094542176,0.13531873,0.11620614,0.25487563,0.23364463,0.23601049,-0.58120596,-0.43442303,-0.6446755,-0.63322335,-0.8337618
198,-1.0663861,0.03960398,0.0049975812,0.27195162,0.21436459,0.2615433,0.15200964,0.25165242,0.23018235,0.23311299,-0.581288,-0.43442303,-0.64477897,-0.63306874,-0.8342103
199,-1.06587,0.034152597,0.0007761121,0.2695321,0.2934072,0.24528185,0.04498729,0.24330208,0.22231436,0.22585878,-0.5814738,-0.43442297,-0.64501286,-0.6329078,-0.83711517
200,-1.0644847,0.020532906,-0.01069501,0.26013267,0.10407518,0.11118387,0.018309936,0.23368368,0.2142554,0.21745914,-0.5817144,-0.43442297,-0.6452471,-0.632837,-0.8352151
201,-1.0703248,0.008874625,-0.022479922,0.24776086,0.27326116,0.17693587,0.09195845,0.21849665,0.20041421,0.20365238,-0.5820713,-0.43442297,-0.64559364,-0.63299084,-0.8339989
202,-1.0663319,-0.003662467,-0.033836037,0.2362092,0.26638123,0.21577507,0.07808408,0.18892878,0.1718468,0.17566824,-0.58273387,-0.43442297,-0.6463052,-0.63311964,-0.83671737
203,-1.0654898,0.0021589398,-0.031594306,0.25309515,0.25309172,0.051923275,0.032447934,0.21575603,0.19433206,0.20152369,-0.6071595,-0.44296485,-0.67673755,-0.65357095,-0.8393196
204,-1.0648108,-0.0082271695,-0.040646166,0.24292725,0.15094611,0.17052372,-0.12758508,0.20161718,0.18088692,0.18694669,-0.6074455,-0.44296485,-0.6770464,-0.65404415,-0.83705544
205,-1.0660602,-0.017822742,-0.048557132,0.23295076,-0.15059063,0.15230687,-0.060775608,0.19163254,0.17168772,0.17672479,-0.6076492,-0.44296485,-0.6772567,-0.65433687,-0.8388685
206,-1.0659516,-0.022502601,-0.053227335,0.22577864,0.17605351,0.06283978,0.08962038,0.17557779,0.15568542,0.16020161,-0.60794973,-0.44296485,-0.6776135,-0.6547795,-0.8391111
207,-1.0694284,-0.025004327,-0.055035442,0.22351646,0.113548726,0.2023041,0.06832267,0.17312902,0.15333635,0.15721488,-0.60797465,-0.44296485,-0.6776484,-0.6550216,-0.83850574
208,-1.0744807,-0.033646047,-0.061852425,0.21696565,0.10183208,0.22093055,0.11589369,0.15876907,0.13956675,0.14300919,-0.60825634,-0.44296485,-0.67796874,-0.6553328,-0.8377931
209,-1.0747523,-0.048384786,-0.074409336,0.20493543,0.03441,0.17254773,0.0680785,0.13812742,0.120200455,0.12330037,-0.60869324,-0.44296485,-0.6784519,-0.6555622,-0.8383446
210,-1.0757302,-0.066729486,-0.09063694,0.18867934,0.2642,0.13300307,-0.03093788,0.11293882,0.096716285,0.09937811,-0.60924613,-0.44296485,-0.6790383,-0.6558679,-0.83857775
211,-1.0722805,-0.083358586,-0.106059045,0.17199892,0.21756898,0.061188668,0.015901536,0.08773467,0.07306588,0.07542145,-0.60980797,-0.44296485,-0.6796247,-0.65619594,-0.8382617
212,-1.0663047,-0.09226155,-0.11506578,0.16076502,0.1695482,-0.07755524,0.17834878,0.06849089,0.05454707,0.056695938,-0.61022866,-0.44296485,-0.6800711,-0.6565079,-0.84026885
213,-1.0595139,-0.091944635,-0.11517277,0.15792382,0.24119207,0.08862817,0.06685713,0.06443071,0.050352097,0.051773608,-0.61028016,-0.4429648,-0.6801301,-0.65666276,-0.84073806
214,-1.0582101,-0.08135885,-0.10590717,0.16415596,0.21896002,0.21642786,0.013629973,0.07724127,0.062090576,0.06282511,-0.60993326,-0.44296485,-0.6797707,-0.6568375,-0.8410522
215,-1.0566618,-0.061902463,-0.088784665,0.17971846,-0.031751424,0.12344962,0.12081595,0.10498077,0.08800614,0.08889043,-0.6092956,-0.44296485,-0.67909455,-0.65670323,-0.8407419
216,-1.0607363,-0.042981923,-0.07087335,0.19761872,0.09333485,-0.0028231293,0.0369004,0.13270664,0.11371845,0.11397821,-0.60863376,-0.44296485,-0.6784141,-0.65667456,-0.84005153
217,-1.0619043,-0.030650198,-0.0587205,0.21130306,-0.12819165,0.08072919,0.0530577,0.15445742,0.13412458,0.13391447,-0.60812914,-0.44296485,-0.67790246,-0.65651697,-0.83729136
218,-1.0576669,-0.029674828,-0.056584567,0.21570672,0.06690413,0.06842342,0.05352664,0.16311127,0.14267468,0.14188838,-0.60793257,-0.44296485,-0.6777024,-0.6564382,-0.8366338
219,-1.05984,-0.03692293,-0.061584085,0.21044838,-0.11930698,0.20988038,0.13108909,0.16160515,0.14187863,0.14012846,-0.6079546,-0.4429649,-0.6777214,-0.6564652,-0.83547235
220,-1.0576941,-0.046483874,-0.06948897,0.20070079,0.35386488,0.19407229,-0.018835843,0.1478388,0.1288256,0.12572032,-0.6082263,-0.44296485,-0.6780175,-0.6566896,-0.8351221
221,-1.05419,-0.05149877,-0.07401875,0.19347823,0.21782592,0.14712742,0.22373219,0.13972536,0.12105924,0.1171028,-0.6083933,-0.44296485,-0.6782044,-0.6567954,-0.8374816
222,-1.0532665,-0.052657664,-0.07471922,0.19013643,0.20540828,0.08454576,-0.05760455,0.1359759,0.11694202,0.111098945,-0.60846794,-0.44296485,-0.6783049,-0.6570824,-0.8360565
223,-1.053022,-0.048773944,-0.07114783,0.19159704,0.1955315,0.07857023,0.13775776,0.14305705,0.12343323,0.11660424,-0.6083118,-0.44296485,-0.6781471,-0.6571989,-0.8356954
224,-1.0484043,-0.044512033,-0.06684813,0.19502175,0.17469025,-0.013191611,0.16229172,0.14758152,0.1272363,0.119874746,-0.60821724,-0.44296485,-0.67806125,-0.65726215,-0.8362454
225,-1.04634,-0.03836876,-0.061021835,0.19979477,0.06452823,0.27718315,0.07590683,0.1608957,0.13974401,0.131444,-0.6079316,-0.44296485,-0.6777656,-0.6573197,-0.8353561
226,-1.046856,-0.031055987,-0.054349035,0.20588827,0.14257868,0.25926614,0.107008874,0.17350194,0.15140623,0.14218992,-0.6076704,-0.4429649,-0.6774893,-0.6574148,-0.83388746
227,-1.0449818,-0.027304053,-0.04993376,0.21019548,0.12410456,0.11126092,0.111085005,0.18050355,0.15790367,0.14846009,-0.607494,-0.4429649,-0.6773075,-0.6575327,-0.83431935
228,-1.0466387,-0.02499491,-0.047409028,0.21201001,0.15822245,0.109454036,0.10288033,0.18475288,0.1616357,0.15154296,-0.60738194,-0.4429649,-0.677214,-0.65776765,-0.83381486
229,-1.0344427,-0.024809957,-0.046806067,0.2130377,0.24817275,0.107682586,0.034611166,0.18929723,0.16617727,0.15568596,-0.6072676,-0.4429649,-0.67708635,-0.6578904,-0.8320161
230,-1.0274346,-0.016600966,-0.040790647,0.21805811,0.24743076,0.24555925,0.09024745,0.20273392,0.17917144,0.16903389,-0.6069292,-0.4429649,-0.67670023,-0.6580623,-0.8327961
231,-1.0322696,0.0009844005,-0.025964946,0.23184842,0.2111519,0.2350525,0.0795632,0.22392258,0.19861567,0.18869042,-0.6064266,-0.44296497,-0.67614686,-0.658257,-0.8304527
232,-1.0251529,0.019206226,-0.00890097,0.24917743,0.20310232,0.104635775,0.09984738,0.24688837,0.2196472,0.21025619,-0.6058643,-0.44296497,-0.67556715,-0.6582624,-0.831869
233,-1.0252345,0.037935197,0.008215755,0.26701742,0.012423694,0.07847072,0.08775541,0.2763249,0.24701712,0.23775548,-0.6051707,-0.44296497,-0.674857,-0.6582946,-0.83191717
234,-1.0234145,0.053754896,0.022995293,0.28348827,0.28189138,0.15659225,0.10841732,0.3115154,0.28058958,0.27075642,-0.6044196,-0.44296497,-0.6740315,-0.65819055,-0.8258674
235,-1.0121148,0.06230697,0.03173539,0.2928008,0.37923548,0.15927593,0.13887632,0.3273366,0.2953655,0.28478765,-0.60406923,-0.44296497,-0.6736605,-0.6581914,-0.8272402
236,-1.0008694,0.07681632,0.044192106,0.30373925,0.1866082,0.18981293,0.22462626,0.35067418,0.3170572,0.3062848,-0.6035589,-0.44296497,-0.6731242,-0.6581641,-0.8266145
237,-0.9957084,0.09778321,0.063512474,0.32098204,0.21171175,0.16960694,0.10541929,0.38874567,0.35243315,0.33938977,-0.6027335,-0.44296497,-0.67222786,-0.6582633,-0.8242912
238,-0.98755956,0.121634364,0.0863913,0.3403682,0.019173473,0.024310172,0.13792032,0.42661792,0.38707185,0.3718935,-0.6018896,-0.44296497,-0.6713464,-0.658291,-0.8247663
239,-0.9888634,0.14927998,0.112553805,0.36334652,0.22567338,0.18905158,0.028607875,0.4683619,0.42479527,0.40703785,-0.6009263,-0.44296497,-0.6703737,-0.6585823,-0.8237611
240,-0.9935082,0.16954988,0.13367859,0.3840446,0.42568213,0.24965608,0.0906698,0.51026213,0.46362048,0.44281712,-0.59998834,-0.44296503,-0.6694007,-0.6587153,-0.8188852
241,-1.0041561,0.17962864,0.14451575,0.3951859,0.24159531,0.09917951,0.11000474,0.53379136,0.48559693,0.46290988,-0.59945095,-0.44296503,-0.66885674,-0.65873855,-0.81739545
242,-1.0153201,0.1770451,0.14320353,0.39685252,0.22181797,0.110440135,0.102532916,0.5339278,0.48611894,0.46390978,-0.59945405,-0.44296503,-0.66887,-0.6586785,-0.8146641
243,-1.0121963,0.16188216,0.12950817,0.38757193,0.20340972,0.2700861,0.18666437,0.5157204,0.47018218,0.44969362,-0.59988296,-0.44296503,-0.6693177,-0.65851915,-0.8136928
244,-1.0126852,0.14506733,0.11223087,0.37347025,0.32579786,0.061731577,0.08770463,0.4897052,0.44680232,0.42857245,-0.6004976,-0.44296503,-0.6699369,-0.6583547,-0.8145158
245,-1.0107566,0.12852487,0.09605098,0.3591658,0.31397343,0.33953476,0.16710353,0.46133566,0.42090568,0.40475798,-0.6011629,-0.44296503,-0.6705946,-0.6582908,-0.8148941
246,-1.0091541,0.11757627,0.08508006,0.347116,0.18172047,0.33526403,0.24685313,0.43670738,0.39777356,0.38322294,-0.6016966,-0.44296503,-0.671157,-0.6583616,-0.82025504
247,-0.9995384,0.1169371,0.08345845,0.34366387,0.34496802,0.1640849,0.1558395,0.43047014,0.39166638,0.37770855,-0.6018313,-0.44296503,-0.671298,-0.6583222,-0.8213166
248,-0.9886189,0.12550133,0.090905845,0.34873262,0.20780219,0.2859949,0.19334139,0.44414023,0.4041374,0.3888684,-0.60151875,-0.44296503,-0.6709584,-0.65849715,-0.8213136
249,-0.98478895,0.14414817,0.10750201,0.36188868,0.43603355,0.22084704,0.13467322,0.46922264,0.42662883,0.40971464,-0.60094714,-0.44296503,-0.6703613,-0.658655,-0.8201828
250,-0.99247605,0.16609108,0.12868568,0.38065267,0.30220887,0.22969814,0.17483395,0.5029248,0.4571682,0.43819046,-0.6001891,-0.44296503,-0.66957784,-0.6587549,-0.8199687
251,-0.9853051,0.17630535,0.14118877,0.39269075,0.12880209,-0.12028259,0.07049285,0.52222586,0.4745785,0.45356876,-0.5997138,-0.44296503,-0.66912556,-0.6589008,-0.81900966
252,-0.98106766,0.1839152,0.1488927,0.3994513,0.19529815,0.1986205,0.15812582,0.5455755,0.49655503,0.4730456,-0.5991665,-0.44296503,-0.6685711,-0.65906537,-0.8169613
253,-0.9851964,0.1916961,0.15605363,0.40622815,0.099287406,0.29269695,0.25842726,0.5660845,0.5159704,0.49074006,-0.59874153,-0.44296503,-0.6680819,-0.6591129,-0.8113874
254,-0.9812578,0.19800991,0.16214731,0.41134867,0.10174149,0.26170814,0.22738291,0.5727728,0.52189803,0.4965819,-0.5985949,-0.44296503,-0.6679288,-0.65906674,-0.813161
255,-0.9818554,0.20763117,0.17054537,0.4189764,0.28529552,0.14825031,0.11503606,0.58098215,0.52881265,0.5035982,-0.5983969,-0.44296503,-0.6677555,-0.6589928,-0.81468034
256,-0.9826974,0.21406868,0.17739022,0.4269697,0.33734486,0.23444058,0.17417207,0.59965664,0.546622,0.5202263,-0.59801245,-0.44296503,-0.6673331,-0.65881485,-0.81083894
257,-0.9849791,0.21705338,0.18015763,0.43016517,0.18727042,0.15674895,0.22242592,0.6072621,0.55397373,0.5276633,-0.59786654,-0.44296503,-0.66716945,-0.6587171,-0.811885
258,-0.987967,0.21670955,0.1800952,0.43073416,0.22560854,0.21002518,0.18347982,0.6044017,0.5511654,0.5252137,-0.5979291,-0.44296503,-0.6672442,-0.65866995,-0.81170547
259,-0.9885918,0.21330914,0.1772587,0.4288242,0.24558197,0.31030065,0.0043322295,0.6019907,0.54922837,0.5233543,-0.5979841,-0.44296503,-0.6673045,-0.6586402,-0.81116676
260,-0.9823986,0.20805082,0.17212537,0.4247937,0.25481325,0.22226854,0.26062387,0.59416926,0.54220504,0.5170128,-0.5981686,-0.44296503,-0.6674923,-0.6586108,-0.8114191
261,-0.9850606,0.20602643,0.16951141,0.42214903,0.39914685,0.042057723,0.1765376,0.59228826,0.54069865,0.5159526,-0.5982281,-0.44296503,-0.6675353,-0.65867436,-0.81174576
262,-0.9732176,0.20864013,0.17085108,0.4233006,0.13352248,0.29812938,0.116823,0.5915016,0.5397682,0.51592654,-0.59826684,-0.44296503,-0.6675627,-0.6586583,-0.8116765
263,-0.97742784,0.22192296,0.18154448,0.4326623,0.031899303,0.13462378,0.06697318,0.6102311,0.55697274,0.53308463,-0.5978818,-0.44296503,-0.6671405,-0.6585745,-0.81451833
264,-0.9620265,0.23234513,0.19225433,0.44311926,0.20113106,0.18615621,0.07835807,0.62199825,0.5671818,0.5426786,-0.5976132,-0.44296503,-0.6668658,-0.658683,-0.8106936
265,-0.9683283,0.24642998,0.20537707,0.45426935,0.32375613,0.1871363,0.14246027,0.649222,0.59224856,0.5659381,-0.5969851,-0.44296503,-0.6662197,-0.65887386,-0.81382847
266,-0.96664417,0.2543631,0.21448556,0.46294433,0.3651976,0.12982553,0.13127851,0.66283876,0.6044491,0.5768008,-0.59666765,-0.44296503,-0.66589,-0.6589943,-0.8081602
267,-0.97558075,0.25828913,0.21939313,0.4665274,0.21903417,0.20049356,0.23938745,0.67779195,0.61855066,0.588846,-0.59629464,-0.44296503,-0.6655127,-0.6591738,-0.81122196
268,-0.9760697,0.25260156,0.21558034,0.4633855,0.36516425,0.12272913,0.13098615,0.6640497,0.60511625,0.57516396,-0.59654343,-0.44296503,-0.6658155,-0.65952504,-0.8066261
269,-0.9708001,0.24715447,0.21007034,0.46603772,0.31684208,0.2294057,0.20840132,0.6748012,0.6151142,0.5861608,-0.60552704,-0.44521797,-0.6776109,-0.66719216,-0.8068565
270,-0.97194093,0.23774713,0.20030841,0.4555957,0.14628887,0.19504784,0.18000767,0.6588496,0.6003099,0.5716734,-0.6058829,-0.44521797,-0.6779742,-0.66733783,-0.8059859
271,-0.9723484,0.23190525,0.19509861,0.4490511,0.42930466,0.3929339,0.28690445,0.65063417,0.5927997,0.5639808,-0.60606885,-0.44521797,-0.67815006,-0.667419,-0.8067305
272,-0.9633846,0.23103821,0.19385651,0.4457043,0.16673438,0.2577831,0.06458503,0.6385048,0.580629,0.55212474,-0.6062908,-0.44521797,-0.6784234,-0.66760886,-0.8098409
273,-0.958441,0.2378056,0.19979566,0.45035028,0.23988828,0.2198893,0.3221769,0.6513751,0.5924572,0.56284064,-0.60599756,-0.44521797,-0.6781137,-0.66764057,-0.8088474
274,-0.95189476,0.24571158,0.20771518,0.45674798,0.2241519,0.21747366,0.13025315,0.6657336,0.6054777,0.57417744,-0.6056583,-0.44521797,-0.677747,-0.6678379,-0.8067906
275,-0.9580879,0.25578326,0.21767819,0.46392632,0.3907074,0.3130542,0.21980241,0.6796482,0.6176709,0.5848147,-0.60529566,-0.44521797,-0.6773869,-0.66809934,-0.8084847
276,-0.9450497,0.26022798,0.22395316,0.4688955,0.14357506,0.2304426,0.00033693016,0.6862055,0.62312627,0.5885667,-0.60507846,-0.44521797,-0.6771982,-0.6684044,-0.8063911
277,-0.9428767,0.26698267,0.23072597,0.47334304,0.20532289,0.24613972,0.16902022,0.7059706,0.64154434,0.60431194,-0.6045737,-0.44521797,-0.6766782,-0.6687126,-0.8063642
278,-0.94328415,0.27640322,0.2396729,0.48013842,0.38702455,0.31395257,0.107406184,0.72094834,0.65499836,0.6158862,-0.6042024,-0.44521797,-0.6762748,-0.6689435,-0.80066
279,-0.9492871,0.28692412,0.25022772,0.4882784,0.28694698,0.34030205,0.1075788,0.7363192,0.6688479,0.6281538,-0.6038089,-0.44521797,-0.6758777,-0.66894877,-0.80328774
280,-0.94366443,0.29608798,0.25934103,0.49652666,0.20839143,0.32127172,0.17880121,0.7453793,0.6766753,0.6355217,-0.6035774,-0.44521797,-0.67567515,-0.66874987,-0.8018534
281,-0.9360588,0.30618766,0.26857328,0.5064056,0.43554288,0.112090915,0.30408382,0.77126205,0.7013882,0.6590769,-0.6030235,-0.44521797,-0.67507243,-0.6684152,-0.7999071
282,-0.9457288,0.31899083,0.27938712,0.5170544,0.3801996,0.30748495,0.3258329,0.7917483,0.72042155,0.6777113,-0.6026076,-0.44521797,-0.6745992,-0.66806334,-0.797665
283,-0.9416272,0.32577226,0.28664362,0.5249916,0.3690145,0.21371733,0.021376938,0.7981089,0.7260515,0.6836229,-0.6024848,-0.44521797,-0.6744772,-0.66780454,-0.798828
284,-0.94274086,0.32903063,0.29006642,0.52882475,0.039780885,0.37655455,0.16258806,0.803747,0.7312033,0.68865645,-0.60234046,-0.44521797,-0.6743591,-0.66769284,-0.801968
285,-0.93499947,0.32670295,0.28920108,0.5286738,0.05919732,0.30622143,0.20133881,0.8097522,0.7373289,0.69358265,-0.60220444,-0.44521797,-0.6742004,-0.6676639,-0.7964188
286,-0.9379874,0.32558692,0.28821832,0.52587575,0.18979394,0.21897683,0.21207559,0.81292015,0.7404567,0.69535977,-0.6021093,-0.44521797,-0.6740842,-0.6677617,-0.79847085
287,-0.93714535,0.32819688,0.29053938,0.5259563,0.52521336,0.32713163,0.07678859,0.8086175,0.73570895,0.69064057,-0.6021879,-0.44521797,-0.6741847,-0.66782683,-0.7978455
288,-0.9303818,0.33236894,0.29520553,0.5290925,0.24938968,0.3323864,0.1683054,0.81635886,0.74264425,0.695944,-0.60198593,-0.44521797,-0.6739963,-0.667813,-0.7994814
289,-0.9284804,0.34123582,0.30297545,0.53535837,0.30802196,0.40705392,0.2017954,0.8311473,0.7561952,0.7084852,-0.6016513,-0.44521797,-0.6736429,-0.6676842,-0.7973838
290,-0.93108803,0.35077995,0.31225315,0.54370886,0.39059162,0.32978675,0.2622031,0.84784484,0.7715682,0.7226076,-0.6012702,-0.44521797,-0.6732271,-0.6676094,-0.79578733
291,-0.9216353,0.3591159,0.3204179,0.5508034,0.28752744,0.32232526,0.059500545,0.8579501,0.7805759,0.7312217,-0.6010423,-0.44521797,-0.6730069,-0.6674233,-0.7972485
292,-0.92543817,0.3719726,0.33192092,0.56121665,0.26182523,0.19903433,0.18938053,0.8799261,0.8008341,0.75023735,-0.6005349,-0.44521797,-0.6724746,-0.6672226,-0.79667807
293,-0.9246776,0.3800498,0.34065127,0.5699939,0.35150412,0.41024852,0.11837268,0.894838,0.814685,0.7630696,-0.60018253,-0.44521797,-0.67209125,-0.6671166,-0.79281545
294,-0.92274904,0.38489482,0.34571597,0.5742896,0.29972208,0.26925436,0.096449494,0.9025459,0.82167536,0.7694049,-0.59998333,-0.44521797,-0.6719068,-0.66704935,-0.79570055
295,-0.9266062,0.38913193,0.34983572,0.5784619,0.3059358,0.20811892,0.14984469,0.91035604,0.82892114,0.7761854,-0.5997933,-0.44521797,-0.6717093,-0.66696715,-0.79317987
296,-0.91900057,0.39190164,0.3525083,0.5817138,0.4502474,0.024559528,0.23947176,0.91976523,0.83823556,0.7851751,-0.59958255,-0.44521797,-0.6714634,-0.6667704,-0.7919866
297,-0.919571,0.4017977,0.35988945,0.58836704,0.5169197,0.31926617,0.26818138,0.9306187,0.8481169,0.7955568,-0.59935045,-0.44521797,-0.67120755,-0.6665028,-0.7937957
298,-0.9163386,0.41391742,0.3709312,0.5996875,0.2514776,0.21668409,0.14174116,0.94553053,0.86175936,0.8094323,-0.59901786,-0.44521803,-0.6708412,-0.6662373,-0.7911868
299,-0.9074835,0.42753017,0.3831821,0.61187476,0.23494752,0.2883754,0.3064658,0.96529436,0.88004416,0.8277819,-0.59856296,-0.44521803,-0.67036486,-0.66588795,-0.7935301
300,-0.89631957,0.446064,0.39953715,0.6277765,0.40759048,0.5255057,0.17181596,0.99415433,0.9068573,0.85431546,-0.59791124,-0.44521803,-0.66965556,-0.6654122,-0.792205
301,-0.9096565,0.46849102,0.42029098,0.64676917,0.39701498,0.29100233,0.23019727,1.0297302,0.93976283,0.8854934,-0.59702957,-0.44521803,-0.6686975,-0.66509074,-0.79058003
302,-0.9109604,0.48551467,0.4374272,0.6628888,0.4195631,0.30250883,0.2801593,1.0487734,0.9568419,0.9022144,-0.5965519,-0.44521803,-0.66822493,-0.6647877,-0.7897152
303,-0.9155509,0.49719337,0.4492817,0.6750623,0.49079913,0.37092757,0.24492383,1.0711594,0.97788566,0.9220896,-0.59601665,-0.44521803,-0.6676948,-0.6642423,-0.7915317
304,-0.91250867,0.5006891,0.45329425,0.68072504,0.43770778,0.23009315,0.16225028,1.0848142,0.9913203,0.93468314,-0.5957544,-0.44521803,-0.6674013,-0.66374564,-0.78449416
305,-0.91250867,0.50242513,0.45413226,0.6822387,0.25119397,0.2592727,0.12684037,1.0938447,1.0003643,0.9435642,-0.5956353,-0.44521803,-0.6672424,-0.66322803,-0.7859168
306,-0.9082169,0.5054663,0.45607993,0.68453246,0.210186,0.19348207,0.21044067,1.0938404,1.0002224,0.94452846,-0.59574723,-0.44521803,-0.6673473,-0.6627608,-0.787282
307,-0.9120197,0.5115212,0.46149424,0.68965364,0.24150269,0.109354496,0.27836215,1.103641,1.0094194,0.9536213,-0.59554124,-0.44521803,-0.6671226,-0.66244155,-0.78936434
308,-0.90775514,0.5129304,0.46355268,0.6925069,0.40237096,0.3313902,0.30273187,1.1032598,1.0088625,0.95342386,-0.5955459,-0.44521803,-0.66713893,-0.6624861,-0.78876173
309,-0.9121555,0.51051563,0.46185386,0.69166565,0.5583629,0.3780684,0.15427686,1.1041479,1.0099266,0.9542902,-0.5954796,-0.44521803,-0.6670743,-0.6627264,-0.7898375
310,-0.90799963,0.504363,0.45631948,0.6871686,0.40491885,0.3334677,0.23937511,1.0953851,1.0018348,0.9464353,-0.5956603,-0.44521803,-0.6672634,-0.66308004,-0.787243
311,-0.90373504,0.49853525,0.4508223,0.6816698,0.013694972,0.4795291,0.15793283,1.0891844,0.99622464,0.9407675,-0.5957664,-0.44521803,-0.6673672,-0.66343695,-0.7890247
312,-0.9059352,0.49856415,0.45010415,0.6794416,0.44564027,0.32310098,0.34604496,1.0846918,0.99162066,0.93627703,-0.5958283,-0.44521803,-0.667433,-0.66374236,-0.7873261
313,-0.90672296,0.502411,0.4537909,0.6818438,0.37671316,0.22478782,0.13177744,1.0883532,0.99479616,0.9391504,-0.5957091,-0.44521803,-0.6673082,-0.66379756,-0.7876798
314,-0.90914047,0.5086378,0.4594717,0.6864845,0.4515647,0.23398271,0.109679125,1.094717,1.0004398,0.944541,-0.59555423,-0.44521803,-0.6671623,-0.6635819,-0.78881216
315,-0.90061134,0.5157351,0.46605623,0.69296753,0.23792075,0.21467787,0.19503109,1.1063533,1.0113449,0.95482373,-0.5952959,-0.44521803,-0.6668899,-0.6632207,-0.7866262
316,-0.90188795,0.52653986,0.47530788,0.70160145,0.48626506,0.21183096,0.14414525,1.1247569,1.0286303,0.97158223,-0.59489,-0.44521803,-0.66644,-0.66274154,-0.78679276
317,-0.90188795,0.53439516,0.48336944,0.709244,0.119204104,0.07863268,0.21190882,1.1336422,1.0365984,0.97922254,-0.5946919,-0.44521803,-0.6662302,-0.6624836,-0.78550637
318,-0.9065871,0.54172987,0.49056178,0.7156049,0.50654197,0.19854517,0.14360216,1.1460308,1.0481519,0.99015385,-0.59439003,-0.44521803,-0.6659291,-0.6621137,-0.78824425
319,-0.9060167,0.5457765,0.4948793,0.7204232,0.23766512,0.42932695,0.1558942,1.153713,1.055476,0.9971088,-0.5942272,-0.44521803,-0.66575754,-0.66180503,-0.7863463
320,-0.9054191,0.5456456,0.49522433,0.7213319,0.6233169,0.3736841,0.36477908,1.1583357,1.0601802,1.0014036,-0.5941186,-0.44521803,-0.6656349,-0.661709,-0.78576016
321,-0.90922195,0.5460956,0.49480385,0.72127426,0.12326203,0.29698122,0.23055105,1.1565992,1.0584562,1.0001907,-0.5941899,-0.44521803,-0.66570973,-0.66165817,-0.7849176
322,-0.90550065,0.54434913,0.4934646,0.7210413,0.22486974,0.37084258,0.12940224,1.1563772,1.0585811,1.0006653,-0.5942532,-0.44521803,-0.6657617,-0.66144115,-0.7858888
323,-0.9118024,0.5442549,0.492656,0.7203281,0.43062967,0.2978308,0.18476202,1.1557459,1.0580394,1.0007179,-0.5942936,-0.44521803,-0.6658025,-0.6613757,-0.78748953
324,-0.9057994,0.540851,0.490056,0.71866727,0.1251693,0.22416356,0.17374516,1.1499163,1.0526061,0.99551636,-0.5944482,-0.44521803,-0.6659665,-0.6614551,-0.785645
325,-0.9015077,0.5384468,0.48744205,0.7160864,0.17898351,0.3601732,0.21026646,1.148989,1.0519335,0.9949045,-0.5944691,-0.44521803,-0.6659876,-0.6614865,-0.7883644
326,-0.90408814,0.5405057,0.4885935,0.7168145,0.15608442,0.28469482,0.20821853,1.1500142,1.0527132,0.995814,-0.59443796,-0.44521803,-0.66593874,-0.6615806,-0.78609276
327,-0.89938897,0.54378986,0.49189883,0.7194084,0.54306567,0.32669193,0.2451379,1.1543745,1.0567062,0.99963343,-0.5943166,-0.44521803,-0.6658044,-0.6615834,-0.7873628
328,-0.8918649,0.55149126,0.49834776,0.7247511,0.18854217,0.39113426,0.3279135,1.1602917,1.0617161,1.0048511,-0.5941403,-0.44521803,-0.6656368,-0.6615894,-0.7886802
329,-0.8876275,0.5674256,0.5121775,0.7375081,0.46530834,0.22825149,0.21567711,1.1849588,1.0847399,1.02712,-0.59351563,-0.44521803,-0.6649513,-0.6612535,-0.7855278
330,-0.88632363,0.584087,0.52798057,0.7518855,0.32983854,0.3308596,0.2952757,1.205703,1.1036184,1.045136,-0.59295857,-0.44521803,-0.6643541,-0.66101205,-0.7852862
331,-0.8970258,0.6027694,0.54554033,0.7675815,0.49542513,0.2680894,0.25355288,1.2293848,1.1252761,1.066047,-0.59232557,-0.44521803,-0.66370714,-0.6605332,-0.785727
332,-0.8903981,0.60997105,0.5548308,0.7774886,0.31808496,0.2990839,0.27960527,1.2406917,1.1357762,1.0754796,-0.59200335,-0.44521803,-0.6633996,-0.6603125,-0.7835016
333,-0.8971888,0.6115496,0.5569573,0.779806,0.34949863,0.1437177,0.35003993,1.2529305,1.1478779,1.0863776,-0.5916734,-0.44521803,-0.6630558,-0.660003,-0.7832645
334,-0.9140569,0.6039025,0.5509502,0.7751053,0.4154024,0.06543505,0.13871296,1.2431413,1.1388094,1.0769238,-0.5919281,-0.44521803,-0.66331935,-0.66021544,-0.7786069
