# y,pred_rnn_a,pred_rnn_b,pred_rnn_c,pred_cnn_a,pred_cnn_b,pred_cnn_c,pred_as01_a,pred_as01_b,pred_as01_c,pred_as02_a,pred_as02_b,pred_as02_c,pred_lstm_a,pred_adaptive_mixture,pred_baseline,pred_gradcam_large,pred_gradcam_small,pred_gradcam_large_euclidian,pred_gradcam_small_euclidian,pred_large_adaptive_hoeffding,pred_large_adaptive_periodic
1.3104266,1.3104265928268433,1.3104265928268433,1.3104265928268433,1.3104265928268433,1.3104265928268433,1.3104265928268433,1.3104265928268433,1.3104265928268433,1.3104265928268433,1.3104265928268433,1.3104265928268433,1.3104265928268433,1.3104265928268433,1.3104265928268433,1.3104265928268433,1.3104265928268433,1.3104265928268433,1.3104265928268433,1.3104265928268433,1.3104265928268433,1.3104265928268433
1.3169492,1.3169492483139038,1.3169492483139038,1.3169492483139038,1.3169492483139038,1.3169492483139038,1.3169492483139038,1.3169492483139038,1.3169492483139038,1.3169492483139038,1.3169492483139038,1.3169492483139038,1.3169492483139038,1.3169492483139038,1.3169492483139038,1.3169492483139038,1.3169492483139038,1.3169492483139038,1.3169492483139038,1.3169492483139038,1.3169492483139038,1.3169492483139038
1.3202107,1.3202106952667236,1.3202106952667236,1.3202106952667236,1.3202106952667236,1.3202106952667236,1.3202106952667236,1.3202106952667236,1.3202106952667236,1.3202106952667236,1.3202106952667236,1.3202106952667236,1.3202106952667236,1.3202106952667236,1.3202106952667236,1.3202106952667236,1.3202106952667236,1.3202106952667236,1.3202106952667236,1.3202106952667236,1.3202106952667236,1.3202106952667236
1.3340714,1.334071397781372,1.334071397781372,1.334071397781372,1.334071397781372,1.334071397781372,1.334071397781372,1.334071397781372,1.334071397781372,1.334071397781372,1.334071397781372,1.334071397781372,1.334071397781372,1.334071397781372,1.334071397781372,1.334071397781372,1.334071397781372,1.334071397781372,1.334071397781372,1.334071397781372,1.334071397781372,1.334071397781372
1.3389635,1.338963508605957,1.338963508605957,1.338963508605957,1.338963508605957,1.338963508605957,1.338963508605957,1.338963508605957,1.338963508605957,1.338963508605957,1.338963508605957,1.338963508605957,1.338963508605957,1.338963508605957,1.338963508605957,1.338963508605957,1.338963508605957,1.338963508605957,1.338963508605957,1.338963508605957,1.338963508605957,1.338963508605957
1.3520089,0.9126665592193604,1.0763235092163086,1.4201960563659668,0.45189014077186584,0.328407883644104,0.4291551411151886,-0.4075678288936615,0.03881224989891052,0.27495792508125305,1.2409026622772217,1.2959434986114502,1.1861754655838013,1.1209139823913574,-0.4653915464878082,1.0763235092163086,1.1861754655838013,1.1861754655838013,1.1861754655838013,1.1861754655838013,1.2959434986114502,1.2959434986114502
1.3536396,0.9122018814086914,1.0753473043441772,1.4219833612442017,0.3410581648349762,0.7393960952758789,0.6326492428779602,-0.40086790919303894,0.054944947361946106,0.27483028173446655,1.2460813522338867,1.3018155097961426,1.1905015707015991,1.1259808540344238,-0.4662693738937378,1.0753473043441772,1.1905015707015991,1.1905015707015991,1.1905015707015991,1.1905015707015991,1.3018155097961426,1.3018155097961426
1.3585316,0.9119358062744141,1.0753949880599976,1.4191029071807861,0.42402946949005127,0.7768236994743347,1.0103179216384888,-0.39910879731178284,0.045304879546165466,0.2869870960712433,1.250622034072876,1.3074126243591309,1.194356083869934,1.130732774734497,-0.4662840962409973,1.0753949880599976,1.194356083869934,1.194356083869934,1.194356083869934,1.194356083869934,1.3074126243591309,1.3074126243591309
1.364239,0.9111263751983643,1.073256015777588,1.420485258102417,0.3790590167045593,0.6813592314720154,0.7253744006156921,-0.3745969235897064,0.040705710649490356,0.2808634638786316,1.255317211151123,1.3130139112472534,1.1981486082077026,1.1353843212127686,-0.4670775830745697,1.073256015777588,1.1981486082077026,1.1981486082077026,1.1981486082077026,1.1981486082077026,1.3130139112472534,1.3130139112472534
1.3707618,0.9111535549163818,1.0750932693481445,1.4186108112335205,0.43515390157699585,0.09845815598964691,0.21132178604602814,-0.3760487735271454,0.04398427903652191,0.2763845920562744,1.2590563297271729,1.3175477981567383,1.2011533975601196,1.1388089656829834,-0.46746861934661865,1.0750932693481445,1.2011533975601196,1.2011533975601196,1.2011533975601196,1.2011533975601196,1.3175477981567383,1.3175477981567383
1.3797305,0.912026047706604,1.0777184963226318,1.4212918281555176,0.006755637004971504,0.7074487805366516,0.6252434253692627,-0.3825107514858246,0.032874152064323425,0.2603309452533722,1.262984037399292,1.3221675157546997,1.2042642831802368,1.1425256729125977,-0.4679638147354126,1.0777184963226318,1.2042642831802368,1.2042642831802368,1.2042642831802368,1.2042642831802368,1.3221675157546997,1.3221675157546997
1.3862532,0.9121125936508179,1.0783982276916504,1.421501636505127,0.25937867164611816,0.3219897449016571,0.9331207871437073,-0.39775463938713074,0.041645318269729614,0.2689594626426697,1.2664015293121338,1.3260589838027954,1.2070313692092896,1.1457912921905518,-0.4683586657047272,1.0783982276916504,1.2070313692092896,1.2070313692092896,1.2070313692092896,1.2070313692092896,1.3260589838027954,1.3260589838027954
1.3935913,0.9122612476348877,1.0791306495666504,1.4217159748077393,-0.08234114199876785,0.5197656154632568,0.651232898235321,-0.401923269033432,0.0408591702580452,0.2754795551300049,1.2703883647918701,1.3307323455810547,1.2102519273757935,1.149742603302002,-0.468671053647995,1.0791306495666504,1.2102519273757935,1.2102519273757935,1.2102519273757935,1.2102519273757935,1.3307323455810547,1.3307323455810547
1.4074521,0.9119374752044678,1.0796293020248413,1.4218249320983887,0.4334489703178406,0.06545896083116531,0.6268929839134216,-0.398893803358078,0.04502250254154205,0.27870020270347595,1.2746446132659912,1.3357107639312744,1.2136574983596802,1.1538984775543213,-0.46917545795440674,1.0796293020248413,1.2136574983596802,1.2136574983596802,1.2136574983596802,1.2136574983596802,1.3357107639312744,1.3357107639312744
1.4164208,0.9123120307922363,1.0807651281356812,1.4223737716674805,0.31248387694358826,0.05711501091718674,0.5985632538795471,-0.4082789123058319,0.05493339151144028,0.2720484137535095,1.2799263000488281,1.3417794704437256,1.2178269624710083,1.1586813926696777,-0.4699215292930603,1.0807651281356812,1.2178269624710083,1.2178269624710083,1.2178269624710083,1.2178269624710083,1.3417794704437256,1.3417794704437256
1.4196821,0.9130253791809082,1.0827672481536865,1.4234273433685303,0.333016037940979,0.43062886595726013,0.5472429394721985,-0.41491302847862244,0.05062921345233917,0.2763802707195282,1.2854511737823486,1.3481500148773193,1.2222470045089722,1.1640703678131104,-0.4702968895435333,1.0827672481536865,1.2222470045089722,1.2222470045089722,1.2222470045089722,1.2222470045089722,1.3481500148773193,1.3481500148773193
1.4172362,0.9119651317596436,1.0815985202789307,1.4228532314300537,0.0450594536960125,0.1784517765045166,0.37019082903862,-0.39724549651145935,0.048036664724349976,0.2881668508052826,1.2901840209960938,1.353747844696045,1.2260533571243286,1.1689832210540771,-0.4706900715827942,1.0815985202789307,1.2260533571243286,1.2260533571243286,1.2260533571243286,1.2260533571243286,1.353747844696045,1.353747844696045
1.433543,0.910470724105835,1.0802390575408936,1.4199161529541016,0.7349467277526855,0.4913342595100403,0.17326322197914124,-0.335166871547699,0.0335516631603241,0.2937384247779846,1.2938077449798584,1.3584119081497192,1.2288947105407715,1.1726701259613037,-0.47101449966430664,1.0802390575408936,1.2288947105407715,1.2288947105407715,1.2288947105407715,1.2288947105407715,1.3584119081497192,1.3584119081497192
1.4368043,0.911083459854126,1.0773733854293823,1.422468900680542,0.5491480827331543,0.4012983739376068,0.2971249222755432,-0.3691723048686981,0.055191993713378906,0.2550053298473358,1.2986347675323486,1.363806128501892,1.2324966192245483,1.1764286756515503,-0.472248375415802,1.0773733854293823,1.2324966192245483,1.2324966192245483,1.2324966192245483,1.2324966192245483,1.363806128501892,1.363806128501892
1.4531112,0.9131947755813599,1.0844542980194092,1.4242098331451416,0.21394310891628265,0.7085233330726624,0.3014097511768341,-0.38432130217552185,0.029136985540390015,0.2599618136882782,1.3021583557128906,1.368013620376587,1.2353155612945557,1.179880142211914,-0.4720499515533447,1.0844542980194092,1.2353155612945557,1.2353155612945557,1.2353155612945557,1.2353155612945557,1.368013620376587,1.368013620376587
1.4490345,0.9125343561172485,1.0829025506973267,1.427750825881958,0.051406461745500565,0.43661820888519287,0.6957589387893677,-0.3924236595630646,0.05548703670501709,0.2669081389904022,1.3065059185028076,1.3725581169128418,1.2387558221817017,1.1839072704315186,-0.4730285704135895,1.0829025506973267,1.2387558221817017,1.2387558221817017,1.2387558221817017,1.2387558221817017,1.3725581169128418,1.3725581169128418
1.4555572,0.9120659828186035,1.083867073059082,1.422864556312561,0.07113870978355408,0.2795635759830475,0.6193438768386841,-0.3818832337856293,0.0394633412361145,0.29178526997566223,1.3099300861358643,1.3769962787628174,1.2415732145309448,1.1876533031463623,-0.47257930040359497,1.083867073059082,1.2415732145309448,1.2415732145309448,1.2415732145309448,1.2415732145309448,1.3769962787628174,1.3769962787628174
1.4612646,0.9105772972106934,1.0798382759094238,1.4244272708892822,0.21954500675201416,-0.022300919517874718,0.7082347273826599,-0.35068586468696594,0.04164747893810272,0.2759559750556946,1.3143482208251953,1.3822599649429321,1.2449193000793457,1.1917343139648438,-0.47372135519981384,1.0798382759094238,1.2449193000793457,1.2449193000793457,1.2449193000793457,1.2449193000793457,1.3822599649429321,1.3822599649429321
1.479202,0.9113531112670898,1.0860137939453125,1.4228706359863281,0.26543864607810974,0.4229948818683624,0.6660028100013733,-0.35828790068626404,0.04582609981298447,0.2730903923511505,1.3176460266113281,1.3862495422363281,1.2474325895309448,1.1944608688354492,-0.4739428460597992,1.0860137939453125,1.2474325895309448,1.2474325895309448,1.2474325895309448,1.2474325895309448,1.3862495422363281,1.3862495422363281
1.4865401,0.913029670715332,1.0878092050552368,1.4295458793640137,0.45737332105636597,0.320364385843277,0.923567533493042,-0.3865495026111603,0.045109063386917114,0.24483992159366608,1.3226466178894043,1.3916434049606323,1.2512446641921997,1.1986674070358276,-0.47494667768478394,1.0878092050552368,1.2512446641921997,1.2512446641921997,1.2512446641921997,1.2512446641921997,1.3916434049606323,1.3916434049606323
1.4971396,0.9134801626205444,1.0895951986312866,1.4290118217468262,0.35905182361602783,0.5121087431907654,0.3507383465766907,-0.41773751378059387,0.04987168312072754,0.27653539180755615,1.3265628814697266,1.396040678024292,1.254438877105713,1.202592134475708,-0.47481948137283325,1.0895951986312866,1.254438877105713,1.254438877105713,1.254438877105713,1.254438877105713,1.396040678024292,1.396040678024292
1.507739,0.9122984409332275,1.089281678199768,1.4297165870666504,0.10154908895492554,0.2103574275970459,0.5899973511695862,-0.4061466157436371,0.06126321852207184,0.282972514629364,1.3320798873901367,1.4023526906967163,1.258752465248108,1.207851767539978,-0.4756401777267456,1.089281678199768,1.258752465248108,1.258752465248108,1.258752465248108,1.258752465248108,1.4023526906967163,1.4023526906967163
1.5110004,0.9121440649032593,1.0907933712005615,1.4281868934631348,0.7622516751289368,0.02369849570095539,0.8332079648971558,-0.4106142222881317,0.0651879757642746,0.2835882306098938,1.338099718093872,1.4094231128692627,1.2633832693099976,1.213220477104187,-0.4762638807296753,1.0907933712005615,1.2633832693099976,1.2633832693099976,1.2633832693099976,1.2633832693099976,1.4094231128692627,1.4094231128692627
1.515077,0.9122785329818726,1.0909662246704102,1.4293861389160156,0.3587343096733093,0.0787048265337944,0.5812766551971436,-0.40103164315223694,0.044535718858242035,0.28587859869003296,1.3437128067016602,1.4162774085998535,1.2676998376846313,1.2185702323913574,-0.47677111625671387,1.0909662246704102,1.2676998376846313,1.2676998376846313,1.2676998376846313,1.2676998376846313,1.4162774085998535,1.4162774085998535
1.5273072,0.9111824035644531,1.089652180671692,1.428105354309082,0.3226136863231659,0.4841727912425995,0.29985129833221436,-0.3801475465297699,0.044601500034332275,0.2856878936290741,1.3477444648742676,1.4211453199386597,1.2707754373550415,1.2222925424575806,-0.47736290097236633,1.089652180671692,1.2707754373550415,1.2707754373550415,1.2707754373550415,1.2707754373550415,1.4211453199386597,1.4211453199386597
1.5354606,0.9117885828018188,1.09054696559906,1.4294211864471436,0.34522897005081177,0.8435470461845398,0.26215818524360657,-0.39643046259880066,0.0510898232460022,0.2685234844684601,1.3523995876312256,1.4264912605285645,1.2742503881454468,1.2260715961456299,-0.4781757593154907,1.09054696559906,1.2742503881454468,1.2742503881454468,1.2742503881454468,1.2742503881454468,1.4264912605285645,1.4264912605285645
1.548506,0.9130027294158936,1.093999981880188,1.4317600727081299,0.22419483959674835,0.45970556139945984,0.18937188386917114,-0.40698012709617615,0.03972669690847397,0.2679414749145508,1.3567309379577637,1.4314968585968018,1.2775832414627075,1.229968786239624,-0.4784877300262451,1.093999981880188,1.2775832414627075,1.2775832414627075,1.2775832414627075,1.2775832414627075,1.4314968585968018,1.4314968585968018
1.5566595,0.9126808643341064,1.0941253900527954,1.4330992698669434,0.34455686807632446,0.24417948722839355,0.4859825372695923,-0.4084251821041107,0.055573225021362305,0.27499014139175415,1.3613252639770508,1.4365613460540771,1.2811192274093628,1.234055757522583,-0.4791703224182129,1.0941253900527954,1.2811192274093628,1.2811192274093628,1.2811192274093628,1.2811192274093628,1.4365613460540771,1.4365613460540771
1.5639975,0.9126429557800293,1.0947914123535156,1.432206153869629,0.2824152112007141,0.4350462257862091,0.31514137983322144,-0.4135849177837372,0.05750846117734909,0.28255781531333923,1.3664360046386719,1.442498803138733,1.2850478887557983,1.2386820316314697,-0.47952646017074585,1.0947914123535156,1.2850478887557983,1.2850478887557983,1.2850478887557983,1.2850478887557983,1.442498803138733,1.442498803138733
1.5762275,0.9121527671813965,1.095041036605835,1.4328322410583496,0.19451864063739777,0.48980090022087097,0.3969871997833252,-0.40429267287254333,0.05394405871629715,0.2843785285949707,1.3718206882476807,1.4488290548324585,1.2891355752944946,1.2435667514801025,-0.48022669553756714,1.095041036605835,1.2891355752944946,1.2891355752944946,1.2891355752944946,1.2891355752944946,1.4488290548324585,1.4488290548324585
1.5835657,0.9121124744415283,1.095280408859253,1.4328763484954834,0.7709158062934875,-0.08744686841964722,0.7019459009170532,-0.4078815281391144,0.06035676598548889,0.2793889045715332,1.3772473335266113,1.4550397396087646,1.2931996583938599,1.248122215270996,-0.48102664947509766,1.095280408859253,1.2931996583938599,1.2931996583938599,1.2931996583938599,1.2931996583938599,1.4550397396087646,1.4550397396087646
1.584381,0.9127144813537598,1.0967631340026855,1.434006929397583,0.37242335081100464,0.3176136016845703,0.3730412721633911,-0.41148892045021057,0.048981793224811554,0.27917391061782837,1.3825099468231201,1.4612090587615967,1.2971822023391724,1.2527875900268555,-0.4814901649951935,1.0967631340026855,1.2971822023391724,1.2971822023391724,1.2971822023391724,1.2971822023391724,1.4612090587615967,1.4612090587615967
1.6031338,0.9117374420166016,1.0957210063934326,1.433118224143982,0.024391258135437965,0.03388775885105133,0.4982019066810608,-0.3835626542568207,0.03907319903373718,0.289335161447525,1.3863542079925537,1.4658544063568115,1.3001168966293335,1.2564619779586792,-0.4818296432495117,1.0957210063934326,1.3001168966293335,1.3001168966293335,1.3001168966293335,1.3001168966293335,1.4658544063568115,1.4658544063568115
1.615364,0.9116569757461548,1.092795491218567,1.43416428565979,0.20005939900875092,0.028858093544840813,0.7706305384635925,-0.39796051383018494,0.06354313343763351,0.2695774734020233,1.3914813995361328,1.4714851379394531,1.3038527965545654,1.2603135108947754,-0.48306068778038025,1.092795491218567,1.3038527965545654,1.3038527965545654,1.3038527965545654,1.3038527965545654,1.4714851379394531,1.4714851379394531
1.6210713,0.9137959480285645,1.0989793539047241,1.4364631175994873,0.3165889382362366,0.16696205735206604,0.4721284508705139,-0.4172738492488861,0.052455395460128784,0.26809629797935486,1.3970859050750732,1.4778635501861572,1.3080775737762451,1.2650184631347656,-0.4833536148071289,1.0989793539047241,1.3080775737762451,1.3080775737762451,1.3080775737762451,1.3080775737762451,1.4778635501861572,1.4778635501861572
1.6324861,0.9128556251525879,1.0979681015014648,1.4375762939453125,0.36803674697875977,0.7376232147216797,0.7758995890617371,-0.40369799733161926,0.05417993664741516,0.28413549065589905,1.4018378257751465,1.4833064079284668,1.3117316961288452,1.2695436477661133,-0.483789324760437,1.0979681015014648,1.3117316961288452,1.3117316961288452,1.3117316961288452,1.3117316961288452,1.4833064079284668,1.4833064079284668
1.6439009,0.9115670919418335,1.097179889678955,1.4350528717041016,0.3865940272808075,0.4478096663951874,0.7223392128944397,-0.4035967290401459,0.06938274204730988,0.2858094274997711,1.4071073532104492,1.4892932176589966,1.3156205415725708,1.273874044418335,-0.4846169650554657,1.097179889678955,1.3156205415725708,1.3156205415725708,1.3156205415725708,1.3156205415725708,1.4892932176589966,1.4892932176589966
1.6545006,0.9126454591751099,1.1003106832504272,1.4366965293884277,0.501407265663147,0.6165044903755188,0.7004588842391968,-0.41381415724754333,0.057671740651130676,0.2774869203567505,1.4134247303009033,1.4966716766357422,1.3202693462371826,1.2790353298187256,-0.485411137342453,1.1003106832504272,1.3202693462371826,1.3202693462371826,1.3202693462371826,1.3202693462371826,1.4966716766357422,1.4966716766357422
1.6642843,0.912867546081543,1.100974678993225,1.4383724927902222,0.8175923228263855,0.3296034336090088,0.6737660765647888,-0.4129185974597931,0.05558311939239502,0.2781834304332733,1.4188282489776611,1.502827763557434,1.3242931365966797,1.2836129665374756,-0.48607873916625977,1.100974678993225,1.3242931365966797,1.3242931365966797,1.3242931365966797,1.3242931365966797,1.502827763557434,1.502827763557434
1.6699917,0.9124600887298584,1.1010304689407349,1.4379191398620605,0.4368976056575775,0.6276810765266418,0.7185680866241455,-0.4120899736881256,0.06084403395652771,0.2835369110107422,1.423973560333252,1.5086442232131958,1.3281062841415405,1.28792142868042,-0.48667511343955994,1.1010304689407349,1.3281062841415405,1.3281062841415405,1.3281062841415405,1.3281062841415405,1.5086442232131958,1.5086442232131958
1.6789606,0.9121555089950562,1.1008855104446411,1.4375827312469482,0.6754379868507385,-0.05265083909034729,0.29201462864875793,-0.4049092233181,0.05366509407758713,0.2865293323993683,1.4290390014648438,1.5145413875579834,1.3318454027175903,1.292227029800415,-0.4872269034385681,1.1008855104446411,1.3318454027175903,1.3318454027175903,1.3318454027175903,1.3318454027175903,1.5145413875579834,1.5145413875579834
1.6879293,0.9118683338165283,1.100339651107788,1.4378514289855957,-0.2981053590774536,-0.004633678123354912,0.6256775856018066,-0.4007815420627594,0.05363593250513077,0.2816544771194458,1.4338433742523193,1.520009160041809,1.3353434801101685,1.296099305152893,-0.48801377415657043,1.100339651107788,1.3353434801101685,1.3353434801101685,1.3353434801101685,1.3353434801101685,1.520009160041809,1.520009160041809
1.699344,0.9123389720916748,1.1022545099258423,1.438415288925171,0.3824349045753479,0.48150956630706787,1.422126054763794,-0.40707096457481384,0.04930107295513153,0.2766697406768799,1.438392162322998,1.5251387357711792,1.338661551475525,1.2997190952301025,-0.48858121037483215,1.1022545099258423,1.338661551475525,1.338661551475525,1.338661551475525,1.338661551475525,1.5251387357711792,1.5251387357711792
1.7148355,0.912621259689331,1.1027851104736328,1.4398785829544067,0.35249125957489014,0.45899543166160583,0.570246160030365,-0.4092601239681244,0.051488496363162994,0.2744496464729309,1.4430019855499268,1.5301932096481323,1.3420332670211792,1.3033878803253174,-0.4892542362213135,1.1027851104736328,1.3420332670211792,1.3420332670211792,1.3420332670211792,1.3420332670211792,1.5301932096481323,1.5301932096481323
1.7221736,0.9129688739776611,1.1039201021194458,1.4407579898834229,0.44999465346336365,0.40062469244003296,0.40798211097717285,-0.41669270396232605,0.06158217787742615,0.27588510513305664,1.44822359085083,1.5357933044433594,1.3458362817764282,1.3074135780334473,-0.4899785816669464,1.1039201021194458,1.3458362817764282,1.3458362817764282,1.3458362817764282,1.3458362817764282,1.5357933044433594,1.5357933044433594
1.7319574,0.9130121469497681,1.1036949157714844,1.4408822059631348,-0.003404101124033332,0.1800551861524582,0.4490147829055786,-0.41556331515312195,0.05791056901216507,0.28596001863479614,1.453500747680664,1.541717767715454,1.3497296571731567,1.311826229095459,-0.4903564155101776,1.1036949157714844,1.3497296571731567,1.3497296571731567,1.3497296571731567,1.3497296571731567,1.541717767715454,1.541717767715454
1.7360344,0.9120223522186279,1.102944016456604,1.4406344890594482,0.5933915376663208,0.46003714203834534,0.7084681391716003,-0.40647801756858826,0.06350328028202057,0.28835517168045044,1.4588267803192139,1.5476542711257935,1.353584885597229,1.3160934448242188,-0.4912126660346985,1.102944016456604,1.353584885597229,1.353584885597229,1.353584885597229,1.353584885597229,1.5476542711257935,1.5476542711257935
1.7474492,0.9119288921356201,1.1035727262496948,1.4394135475158691,0.5436098575592041,0.3365180790424347,0.3287220597267151,-0.3992619812488556,0.05248096585273743,0.2906516194343567,1.4636197090148926,1.5532305240631104,1.3570431470870972,1.3199365139007568,-0.4916760325431824,1.1035727262496948,1.3570431470870972,1.3570431470870972,1.3570431470870972,1.3570431470870972,1.5532305240631104,1.5532305240631104
1.7613099,0.9119415283203125,1.1024891138076782,1.441054105758667,0.20445187389850616,0.5115848779678345,0.29207006096839905,-0.3987017571926117,0.052036456763744354,0.27736666798591614,1.468384027481079,1.5585591793060303,1.3604416847229004,1.3235217332839966,-0.49265915155410767,1.1024891138076782,1.3604416847229004,1.3604416847229004,1.3604416847229004,1.3604416847229004,1.5585591793060303,1.5585591793060303
1.7768013,0.9128657579421997,1.1058075428009033,1.4418575763702393,0.49526146054267883,1.3194202184677124,0.775148868560791,-0.41466638445854187,0.055493541061878204,0.2732141613960266,1.473052978515625,1.5636076927185059,1.3637839555740356,1.326920747756958,-0.49325114488601685,1.1058075428009033,1.3637839555740356,1.3637839555740356,1.3637839555740356,1.3637839555740356,1.5636076927185059,1.5636076927185059
1.7759861,0.9134113788604736,1.1066774129867554,1.4439128637313843,0.7702829837799072,0.6190467476844788,0.641869068145752,-0.41715559363365173,0.06001722812652588,0.2755292057991028,1.478456735610962,1.5693942308425903,1.3676925897598267,1.3310251235961914,-0.49397552013397217,1.1066774129867554,1.3676925897598267,1.3676925897598267,1.3676925897598267,1.3676925897598267,1.5693942308425903,1.5693942308425903
1.7906622,0.9124472141265869,1.104831576347351,1.441979169845581,0.6905727386474609,-0.256061315536499,0.5773957371711731,-0.39832255244255066,0.052479296922683716,0.2964969873428345,1.4827237129211426,1.5743013620376587,1.370829701423645,1.334722638130188,-0.4939959645271301,1.104831576347351,1.370829701423645,1.370829701423645,1.370829701423645,1.370829701423645,1.5743013620376587,1.5743013620376587
1.8085997,0.9111709594726562,1.100881814956665,1.442021369934082,0.13634319603443146,0.30818453431129456,0.1597726196050644,-0.39390334486961365,0.06821146607398987,0.2822762429714203,1.488046407699585,1.580138921737671,1.3745414018630981,1.3385167121887207,-0.4953935146331787,1.100881814956665,1.3745414018630981,1.3745414018630981,1.3745414018630981,1.3745414018630981,1.580138921737671,1.580138921737671
1.806969,0.9131782054901123,1.1075266599655151,1.4431099891662598,0.3991413116455078,0.8450189828872681,1.025781273841858,-0.4161594808101654,0.0638745129108429,0.2710362374782562,1.4940416812896729,1.586731195449829,1.3787589073181152,1.3426165580749512,-0.4961545467376709,1.1075266599655151,1.3787589073181152,1.3787589073181152,1.3787589073181152,1.3787589073181152,1.586731195449829,1.586731195449829
1.8200145,0.9131865501403809,1.1056941747665405,1.4447152614593506,0.5024898648262024,0.6792070269584656,0.7021802067756653,-0.39155468344688416,0.039844147861003876,0.28753289580345154,1.4982826709747314,1.591701865196228,1.3819156885147095,1.3463642597198486,-0.4961632490158081,1.1056941747665405,1.3819156885147095,1.3819156885147095,1.3819156885147095,1.3819156885147095,1.591701865196228,1.591701865196228
1.8281678,0.9109337329864502,1.1016792058944702,1.4432897567749023,-0.09570948779582977,0.3424573540687561,1.0010168552398682,-0.3908980190753937,0.0688827782869339,0.2854759693145752,1.5024757385253906,1.5961954593658447,1.3848036527633667,1.3492811918258667,-0.4973284900188446,1.1016792058944702,1.3848036527633667,1.3848036527633667,1.3848036527633667,1.3848036527633667,1.5961954593658447,1.5961954593658447
1.8485514,0.9124554395675659,1.1073731184005737,1.4436464309692383,0.2660033404827118,0.12691408395767212,0.4683210849761963,-0.403452068567276,0.05448468029499054,0.2801361083984375,1.5074539184570312,1.6019623279571533,1.388288974761963,1.3527710437774658,-0.4977610409259796,1.1073731184005737,1.388288974761963,1.388288974761963,1.388288974761963,1.388288974761963,1.6019623279571533,1.6019623279571533
1.8534434,0.9131548404693604,1.1069605350494385,1.4482135772705078,-0.2515234351158142,0.5624416470527649,0.4885790944099426,-0.4041834771633148,0.05804884433746338,0.26485633850097656,1.5128958225250244,1.6078643798828125,1.39212965965271,1.3565356731414795,-0.4990007281303406,1.1069605350494385,1.39212965965271,1.39212965965271,1.39212965965271,1.39212965965271,1.6078643798828125,1.6078643798828125
1.8632277,0.9132423400878906,1.1085689067840576,1.4465521574020386,0.5531345009803772,0.15110141038894653,0.5030438899993896,-0.41649171710014343,0.05828924477100372,0.28806552290916443,1.5171666145324707,1.6126213073730469,1.3951889276504517,1.3597897291183472,-0.4988832473754883,1.1085689067840576,1.3951889276504517,1.3951889276504517,1.3951889276504517,1.3951889276504517,1.6126213073730469,1.6126213073730469
1.8721962,0.9118064641952515,1.1067100763320923,1.4476503133773804,0.25694704055786133,0.5576304197311401,0.52970951795578,-0.40227171778678894,0.06375991553068161,0.28864526748657227,1.5223517417907715,1.6184914112091064,1.3988239765167236,1.363600254058838,-0.49996715784072876,1.1067100763320923,1.3988239765167236,1.3988239765167236,1.3988239765167236,1.3988239765167236,1.6184914112091064,1.6184914112091064
1.8827957,0.9119929075241089,1.1091797351837158,1.4463956356048584,0.6640236973762512,0.3754887878894806,0.6865698099136353,-0.4047311842441559,0.06345628201961517,0.2863956093788147,1.5272371768951416,1.6240581274032593,1.4021869897842407,1.3669124841690063,-0.5005759596824646,1.1091797351837158,1.4021869897842407,1.4021869897842407,1.4021869897842407,1.4021869897842407,1.6240581274032593,1.6240581274032593
1.886057,0.9125626087188721,1.1095298528671265,1.4487888813018799,0.3553193211555481,0.555841863155365,0.5532249808311462,-0.4081459939479828,0.05044839531183243,0.2773517370223999,1.532188892364502,1.6297242641448975,1.4056614637374878,1.3703944683074951,-0.5014426708221436,1.1095298528671265,1.4056614637374878,1.4056614637374878,1.4056614637374878,1.4056614637374878,1.6297242641448975,1.6297242641448975
1.9039946,0.9122258424758911,1.1095812320709229,1.4481513500213623,0.7322118282318115,0.1740337461233139,0.9494921565055847,-0.4010549485683441,0.04559271037578583,0.28903502225875854,1.5356180667877197,1.6336365938186646,1.4080734252929688,1.3729114532470703,-0.5016739964485168,1.1095812320709229,1.4080734252929688,1.4080734252929688,1.4080734252929688,1.4080734252929688,1.6336365938186646,1.6336365938186646
1.9088866,0.9120674133300781,1.1073757410049438,1.449399471282959,0.025578903034329414,0.42537590861320496,0.713516891002655,-0.4044494330883026,0.06262074410915375,0.27361753582954407,1.5402772426605225,1.6386606693267822,1.4112571477890015,1.375824213027954,-0.5028759837150574,1.1073757410049438,1.4112571477890015,1.4112571477890015,1.4112571477890015,1.4112571477890015,1.6386606693267822,1.6386606693267822
1.9211167,0.9131109714508057,1.1107933521270752,1.449150562286377,0.6801659464836121,0.6663185954093933,0.8929128646850586,-0.41487476229667664,0.048471421003341675,0.28261125087738037,1.544429063796997,1.643385887145996,1.414191484451294,1.3787479400634766,-0.5029153227806091,1.1107933521270752,1.414191484451294,1.414191484451294,1.414191484451294,1.414191484451294,1.643385887145996,1.643385887145996
1.9251934,0.9121439456939697,1.1088248491287231,1.4507246017456055,0.410641610622406,0.6707608103752136,0.8630155324935913,-0.40133795142173767,0.059246569871902466,0.28275662660598755,1.5488307476043701,1.6481868028640747,1.4172658920288086,1.3817297220230103,-0.5039340257644653,1.1088248491287231,1.4172658920288086,1.4172658920288086,1.4172658920288086,1.4172658920288086,1.6481868028640747,1.6481868028640747
1.9382389,0.9121501445770264,1.1110566854476929,1.4488580226898193,0.48137882351875305,-0.238838791847229,0.5213344693183899,-0.40221211314201355,0.054845184087753296,0.2896740436553955,1.552677869796753,1.6525616645812988,1.4199473857879639,1.3843244314193726,-0.5041288137435913,1.1110566854476929,1.4199473857879639,1.4199473857879639,1.4199473857879639,1.4199473857879639,1.6525616645812988,1.6525616645812988
1.9545456,0.9120805263519287,1.1096104383468628,1.4508309364318848,-0.05597546324133873,0.4222498834133148,0.6648765802383423,-0.39975592494010925,0.05425189435482025,0.2738083600997925,1.5572619438171387,1.657701015472412,1.423157811164856,1.387308120727539,-0.5052539110183716,1.1096104383468628,1.423157811164856,1.423157811164856,1.423157811164856,1.423157811164856,1.657701015472412,1.657701015472412
1.9618837,0.9129890203475952,1.1131480932235718,1.450925588607788,0.5084921717643738,0.278319388628006,0.6229057908058167,-0.4178551137447357,0.062021709978580475,0.2728923559188843,1.5618195533752441,1.6625783443450928,1.426308035850525,1.3900651931762695,-0.5058779120445251,1.1131480932235718,1.426308035850525,1.426308035850525,1.426308035850525,1.426308035850525,1.6625783443450928,1.6625783443450928
1.9749292,0.913176417350769,1.1126362085342407,1.452009916305542,-0.27886196970939636,0.2404250204563141,0.3839264512062073,-0.4144289791584015,0.05496201664209366,0.28184881806373596,1.5663912296295166,1.6677134037017822,1.429587960243225,1.3932616710662842,-0.5062716007232666,1.1126362085342407,1.429587960243225,1.429587960243225,1.429587960243225,1.429587960243225,1.6677134037017822,1.6677134037017822
1.9822673,0.9120850563049316,1.111668348312378,1.451725721359253,0.3543661832809448,0.612589955329895,0.46610963344573975,-0.4094255864620209,0.0691559910774231,0.2855319678783417,1.5711212158203125,1.6728167533874512,1.4328539371490479,1.396252155303955,-0.5072016716003418,1.111668348312378,1.4328539371490479,1.4328539371490479,1.4328539371490479,1.4328539371490479,1.6728167533874512,1.6728167533874512
1.993682,0.9124176502227783,1.1136101484298706,1.4511334896087646,0.4323890805244446,0.3555621802806854,0.412585973739624,-0.4113086760044098,0.06070300191640854,0.28626102209091187,1.575993537902832,1.6784026622772217,1.4362815618515015,1.3994309902191162,-0.5077440738677979,1.1136101484298706,1.4362815618515015,1.4362815618515015,1.4362815618515015,1.4362815618515015,1.6784026622772217,1.6784026622772217
1.9953127,0.9122632741928101,1.1128177642822266,1.452422857284546,0.513153076171875,0.3506512939929962,0.5012166500091553,-0.40777596831321716,0.05813257396221161,0.2803226709365845,1.5806705951690674,1.6836531162261963,1.4395602941513062,1.4024180173873901,-0.5087146759033203,1.1128177642822266,1.4395602941513062,1.4395602941513062,1.4395602941513062,1.4395602941513062,1.6836531162261963,1.6836531162261963
2.0140655,0.9121241569519043,1.1137126684188843,1.451366662979126,0.26294201612472534,0.6727136373519897,0.8157863020896912,-0.3971473276615143,0.045906394720077515,0.28890281915664673,1.5841009616851807,1.6876219511032104,1.4419783353805542,1.4047198295593262,-0.508908748626709,1.1137126684188843,1.4419783353805542,1.4419783353805542,1.4419783353805542,1.4419783353805542,1.6876219511032104,1.6876219511032104
2.0287416,0.9119536876678467,1.1112276315689087,1.4529101848602295,-0.02577740140259266,0.2758692502975464,0.5326129794120789,-0.40108630061149597,0.06191380321979523,0.2695000469684601,1.5885393619537354,1.6923904418945312,1.4449979066848755,1.407231092453003,-0.5102607011795044,1.1112276315689087,1.4449979066848755,1.4449979066848755,1.4449979066848755,1.4449979066848755,1.6923904418945312,1.6923904418945312
2.0377104,0.9135165214538574,1.1162611246109009,1.4529529809951782,0.44545039534568787,0.20266297459602356,0.4460970163345337,-0.42160138487815857,0.06016278266906738,0.27254483103752136,1.5931618213653564,1.6973576545715332,1.4481691122055054,1.4098989963531494,-0.5106245279312134,1.1162611246109009,1.4481691122055054,1.4481691122055054,1.4481691122055054,1.4481691122055054,1.6973576545715332,1.6973576545715332
2.0474944,0.9130544662475586,1.114851474761963,1.454444408416748,0.008728625252842903,0.42798730731010437,0.226298525929451,-0.41183122992515564,0.05987981706857681,0.2835734486579895,1.5977535247802734,1.7023863792419434,1.4513908624649048,1.4128739833831787,-0.5112155675888062,1.114851474761963,1.4513908624649048,1.4513908624649048,1.4513908624649048,1.4513908624649048,1.7023863792419434,1.7023863792419434
2.0621705,0.9119064807891846,1.1148934364318848,1.4529975652694702,0.5053609013557434,0.4438798129558563,0.26864081621170044,-0.408071368932724,0.07007201015949249,0.289986789226532,1.6023025512695312,1.707324743270874,1.4544634819030762,1.4155564308166504,-0.5119444131851196,1.1148934364318848,1.4544634819030762,1.4544634819030762,1.4544634819030762,1.4544634819030762,1.707324743270874,1.707324743270874
2.0695088,0.9124133586883545,1.1158839464187622,1.4535754919052124,0.10531401634216309,0.546585202217102,0.6327003836631775,-0.4130307137966156,0.06732700020074844,0.28014039993286133,1.6077773571014404,1.7134513854980469,1.4582096338272095,1.4187135696411133,-0.5130295157432556,1.1158839464187622,1.4582096338272095,1.4582096338272095,1.4582096338272095,1.4582096338272095,1.7134513854980469,1.7134513854980469
2.0760314,0.9128131866455078,1.1169414520263672,1.4540469646453857,0.3029085397720337,0.6196371912956238,0.7322742342948914,-0.41500410437583923,0.05767624080181122,0.28294867277145386,1.6122593879699707,1.718501329421997,1.4613189697265625,1.4214437007904053,-0.5135152339935303,1.1169414520263672,1.4613189697265625,1.4613189697265625,1.4613189697265625,1.4613189697265625,1.718501329421997,1.718501329421997
2.0907075,0.9119293689727783,1.1158032417297363,1.4540655612945557,0.8696688413619995,0.539151132106781,0.9814328551292419,-0.4021185338497162,0.0607285276055336,0.2877151072025299,1.616079568862915,1.7227494716644287,1.4639315605163574,1.423736572265625,-0.5141960382461548,1.1158032417297363,1.4639315605163574,1.4639315605163574,1.4639315605163574,1.4639315605163574,1.7227494716644287,1.7227494716644287
2.1045682,0.9120752811431885,1.1159058809280396,1.4539494514465332,0.10530925542116165,0.20925185084342957,0.404213547706604,-0.4066576659679413,0.07047341763973236,0.2774564027786255,1.6204147338867188,1.727454423904419,1.4668241739273071,1.426027536392212,-0.5151605010032654,1.1159058809280396,1.4668241739273071,1.4668241739273071,1.4668241739273071,1.4668241739273071,1.727454423904419,1.727454423904419
2.1078298,0.9131441116333008,1.1188772916793823,1.4549782276153564,0.3120831847190857,0.3047274947166443,0.731147825717926,-0.41782721877098083,0.0646861270070076,0.2732406258583069,1.6250007152557373,1.73246169090271,1.4699445962905884,1.4285469055175781,-0.5158261060714722,1.1188772916793823,1.4699445962905884,1.4699445962905884,1.4699445962905884,1.4699445962905884,1.73246169090271,1.73246169090271
2.1314745,0.9125773906707764,1.117313265800476,1.4550683498382568,0.011942373588681221,0.12127664685249329,0.4341638684272766,-0.40603169798851013,0.060539841651916504,0.2889355719089508,1.6286201477050781,1.736472249031067,1.4724358320236206,1.4307491779327393,-0.5160912871360779,1.117313265800476,1.4724358320236206,1.4724358320236206,0.2889355719089508,1.4724358320236206,1.736472249031067,1.736472249031067
2.129844,0.9120378494262695,1.1150649785995483,1.4554224014282227,0.12454082071781158,0.9155606627464294,0.44428756833076477,-0.40329524874687195,0.08211979269981384,0.2757297158241272,1.6336684226989746,1.7417134046554565,1.4757229089736938,1.4331774711608887,-0.517609715461731,1.1150649785995483,1.4757229089736938,1.4757229089736938,0.2757297158241272,1.4757229089736938,1.7417134046554565,1.7417134046554565
2.1428895,0.9131946563720703,1.1188684701919556,1.4544799327850342,0.4301201105117798,0.7715606093406677,0.37983229756355286,-0.4055041968822479,0.05531270056962967,0.2880677580833435,1.6378333568572998,1.7465627193450928,1.4786113500595093,1.4356908798217773,-0.5173583030700684,1.1188684701919556,1.4786113500595093,1.4786113500595093,0.2880677580833435,1.4786113500595093,1.7465627193450928,1.7465627193450928
2.1600115,0.9113575220108032,1.1146103143692017,1.456281065940857,0.05331471934914589,0.9184827208518982,0.6394655108451843,-0.38905850052833557,0.07052192836999893,0.2800675928592682,1.6418588161468506,1.7509276866912842,1.4813021421432495,1.4378714561462402,-0.5188088417053223,1.1146103143692017,1.4813021421432495,1.4813021421432495,0.2800675928592682,1.4813021421432495,1.7509276866912842,1.7509276866912842
2.1665344,0.912554144859314,1.1201047897338867,1.454599142074585,-0.07350226491689682,0.05691000074148178,0.17173831164836884,-0.40717288851737976,0.07784046232700348,0.27601081132888794,1.6463496685028076,1.7556673288345337,1.4841890335083008,1.4399065971374512,-0.519452691078186,1.1201047897338867,1.4841890335083008,1.4841890335083008,0.27601081132888794,1.4841890335083008,1.7556673288345337,1.7556673288345337
2.1861026,0.9133033752441406,1.1192877292633057,1.4567897319793701,0.1738944947719574,0.01378847099840641,0.3606959283351898,-0.4077589213848114,0.056217655539512634,0.2767922282218933,1.650731086730957,1.7606332302093506,1.487221121788025,1.442425012588501,-0.5199509263038635,1.1192877292633057,1.487221121788025,1.487221121788025,0.2767922282218933,1.487221121788025,1.7606332302093506,1.7606332302093506
2.1950712,0.9122233390808105,1.1178046464920044,1.4566802978515625,0.4321258068084717,0.8204066753387451,1.1439316272735596,-0.40775880217552185,0.08062155544757843,0.2812371253967285,1.6550979614257812,1.7650351524353027,1.490005373954773,1.4444093704223633,-0.5210789442062378,1.1178046464920044,1.490005373954773,1.490005373954773,0.2812371253967285,1.490005373954773,1.7650351524353027,1.7650351524353027
2.2073014,0.913043737411499,1.120811939239502,1.4560201168060303,0.6237533092498779,0.045630909502506256,0.42615512013435364,-0.4167329967021942,0.07149752974510193,0.28503328561782837,1.6600899696350098,1.7705403566360474,1.4933096170425415,1.446943759918213,-0.5214784741401672,1.120811939239502,1.4933096170425415,1.4933096170425415,0.28503328561782837,1.4933096170425415,1.7705403566360474,1.7705403566360474
2.213824,0.9123592376708984,1.1191235780715942,1.457387924194336,0.28177306056022644,0.2250179946422577,0.635601282119751,-0.40816399455070496,0.07325047254562378,0.2846548557281494,1.6649034023284912,1.7758041620254517,1.4965037107467651,1.4494009017944336,-0.5225833654403687,1.1191235780715942,1.4965037107467651,1.4965037107467651,0.2846548557281494,1.4965037107467651,1.7758041620254517,1.7758041620254517
2.2317617,0.912126898765564,1.1198686361312866,1.4560282230377197,0.07526321709156036,0.48565036058425903,0.7796801328659058,-0.40695807337760925,0.0718158558011055,0.28998541831970215,1.6690001487731934,1.780283808708191,1.4991610050201416,1.4513940811157227,-0.5230594873428345,1.1198686361312866,1.4991610050201416,1.4991610050201416,0.28998541831970215,1.4991610050201416,1.780283808708191,1.780283808708191
2.2529604,0.9123280048370361,1.118595004081726,1.4574196338653564,0.43819501996040344,0.20494486391544342,0.8709269762039185,-0.40866973996162415,0.07283501327037811,0.2754129469394684,1.6738371849060059,1.7855273485183716,1.5023186206817627,1.453627586364746,-0.5243990421295166,1.118595004081726,1.5023186206817627,1.5023186206817627,0.2754129469394684,1.5023186206817627,1.7855273485183716,1.7855273485183716
2.252145,0.9134801626205444,1.1222553253173828,1.4577462673187256,-0.00841742567718029,0.8181472420692444,0.4693117141723633,-0.41984137892723083,0.07381994277238846,0.2737560570240021,1.6789064407348633,1.7907943725585938,1.505578875541687,1.4557816982269287,-0.5252141356468201,1.1222553253173828,1.505578875541687,1.505578875541687,0.2737560570240021,1.505578875541687,1.7907943725585938,1.7907943725585938
2.2668211,0.9130043983459473,1.1196211576461792,1.457796573638916,0.6228452324867249,1.092504858970642,0.569114625453949,-0.4025438129901886,0.06196717917919159,0.2929404377937317,1.683030605316162,1.795393705368042,1.508347511291504,1.4579708576202393,-0.5252535939216614,1.1196211576461792,1.508347511291504,1.508347511291504,0.2929404377937317,1.508347511291504,1.795393705368042,1.795393705368042
2.283128,0.9110517501831055,1.1158255338668823,1.4574276208877563,0.39980047941207886,0.6294708251953125,0.5923812985420227,-0.3949378430843353,0.08207477629184723,0.2865232825279236,1.6874403953552246,1.8000569343566895,1.5111249685287476,1.4598755836486816,-0.5267281532287598,1.1158255338668823,1.5111249685287476,1.5111249685287476,0.2865232825279236,1.5111249685287476,1.8000569343566895,1.8000569343566895
2.2774208,0.9127259254455566,1.121694803237915,1.4570403099060059,0.03995060548186302,0.5478662848472595,0.6211649775505066,-0.4117642343044281,0.0756588876247406,0.27580296993255615,1.6925065517425537,1.8055670261383057,1.5143648386001587,1.4619877338409424,-0.5275786519050598,1.121694803237915,1.5143648386001587,1.5143648386001587,0.27580296993255615,1.5143648386001587,1.8055670261383057,1.8055670261383057
2.3026962,0.9126548767089844,1.1189910173416138,1.4580800533294678,0.3241906464099884,0.5808709263801575,1.1222128868103027,-0.3711841404438019,0.037289366126060486,0.28887853026390076,1.695591688156128,1.8092198371887207,1.51650071144104,1.46372652053833,-0.5275861024856567,1.1189910173416138,1.51650071144104,1.51650071144104,0.28887853026390076,1.51650071144104,1.8092198371887207,1.8092198371887207
2.3173723,0.911128044128418,1.1140400171279907,1.4581466913223267,0.37915685772895813,0.33210352063179016,0.42555153369903564,-0.3888121545314789,0.084543876349926,0.27145588397979736,1.699329137802124,1.812878131866455,1.5187541246414185,1.464982032775879,-0.5293543338775635,1.1140400171279907,1.5187541246414185,1.5187541246414185,0.27145588397979736,1.5187541246414185,1.812878131866455,1.812878131866455
2.3263412,0.9137934446334839,1.1222283840179443,1.4577665328979492,0.11983765661716461,-0.04199986159801483,0.49258631467819214,-0.4154621660709381,0.06906995177268982,0.2703123092651367,1.7040386199951172,1.8179203271865845,1.5217715501785278,1.466846227645874,-0.5295671820640564,1.1222283840179443,1.5217715501785278,1.5217715501785278,0.2703123092651367,1.5217715501785278,1.8179203271865845,1.8179203271865845
2.3336792,0.9130392074584961,1.1191548109054565,1.4600088596343994,0.12432042509317398,-0.05657932162284851,0.3761121928691864,-0.400985449552536,0.0672561451792717,0.28234633803367615,1.7081363201141357,1.822322130203247,1.5244837999343872,1.4687204360961914,-0.5303105115890503,1.1191548109054565,1.5244837999343872,1.5244837999343872,0.28234633803367615,1.5244837999343872,1.822322130203247,1.822322130203247
2.3532474,0.9115694761276245,1.1194427013397217,1.4578015804290771,0.3511064052581787,0.3984324038028717,0.3922155201435089,-0.4006442725658417,0.07882517576217651,0.2938132882118225,1.7118592262268066,1.8261537551879883,1.5267513990402222,1.4701385498046875,-0.530867874622345,1.1194427013397217,1.5267513990402222,1.5267513990402222,0.2938132882118225,1.5267513990402222,1.8261537551879883,1.8261537551879883
2.3646622,0.9122757911682129,1.1193190813064575,1.4587715864181519,0.22087475657463074,0.22438772022724152,0.5528911352157593,-0.40906020998954773,0.07707913964986801,0.27564603090286255,1.717097520828247,1.8318394422531128,1.5300756692886353,1.4721693992614746,-0.5323696732521057,1.1193190813064575,1.5300756692886353,1.5300756692886353,0.27564603090286255,1.5300756692886353,1.8318394422531128,1.8318394422531128
2.376077,0.9133039712905884,1.1222424507141113,1.4592056274414062,0.16436712443828583,0.5692561268806458,0.548552393913269,-0.4207806885242462,0.06713653355836868,0.27845466136932373,1.721381425857544,1.8364183902740479,1.5328179597854614,1.4738376140594482,-0.5328191518783569,1.1222424507141113,1.5328179597854614,1.5328179597854614,0.27845466136932373,1.5328179597854614,1.8364183902740479,1.8364183902740479
2.390753,0.9124782085418701,1.1205352544784546,1.4597835540771484,-0.205714613199234,0.35838764905929565,0.580637514591217,-0.410518079996109,0.07359057664871216,0.2861393094062805,1.7254242897033691,1.8406565189361572,1.5353747606277466,1.475388765335083,-0.5336546897888184,1.1205352544784546,1.5353747606277466,1.5353747606277466,0.2861393094062805,1.5353747606277466,1.8406565189361572,1.8406565189361572
2.4013524,0.9122970104217529,1.120627999305725,1.4590864181518555,0.3520275056362152,0.5159956216812134,0.7129918932914734,-0.4114880859851837,0.07949088513851166,0.28512072563171387,1.7299110889434814,1.845336675643921,1.5381407737731934,1.4769537448883057,-0.5345686078071594,1.120627999305725,1.5381407737731934,1.5381407737731934,0.28512072563171387,1.5381407737731934,1.845336675643921,1.845336675643921
2.4192898,0.912703275680542,1.121668815612793,1.4595947265625,0.5305183529853821,0.7374007701873779,0.3639354705810547,-0.41583237051963806,0.07085561752319336,0.28367525339126587,1.7344427108764648,1.8502484560012817,1.5410171747207642,1.4786641597747803,-0.5353599190711975,1.121668815612793,1.5410171747207642,1.5410171747207642,0.28367525339126587,1.5410171747207642,1.8502484560012817,1.8502484560012817
2.4298894,0.9125537872314453,1.1204655170440674,1.4600903987884521,0.4079630374908447,-0.03522104024887085,0.42571622133255005,-0.41310808062553406,0.07707856595516205,0.2806030809879303,1.7389202117919922,1.8548957109451294,1.5437934398651123,1.4801609516143799,-0.5364884734153748,1.1204655170440674,1.5437934398651123,1.5437934398651123,0.2806030809879303,1.5437934398651123,1.8548957109451294,1.8548957109451294
2.4470115,0.9128880500793457,1.1220417022705078,1.4598281383514404,0.05061294510960579,0.4139576554298401,0.4311666190624237,-0.4169498383998871,0.07311496883630753,0.2851422131061554,1.7433035373687744,1.859525203704834,1.5465246438980103,1.4816675186157227,-0.5370322465896606,1.1220417022705078,1.5465246438980103,1.5465246438980103,0.2851422131061554,1.5465246438980103,1.859525203704834,1.859525203704834
2.4519036,0.9125051498413086,1.120564341545105,1.4605737924575806,0.4824274480342865,0.551784873008728,0.16999344527721405,-0.41209766268730164,0.07796479761600494,0.28299522399902344,1.747999668121338,1.8644459247589111,1.5494383573532104,1.4832122325897217,-0.5382562279701233,1.120564341545105,1.5494383573532104,1.5494383573532104,0.28299522399902344,1.5494383573532104,1.8644459247589111,1.8644459247589111
2.4722872,0.9125041961669922,1.1215354204177856,1.459716796875,0.39791321754455566,0.3193599283695221,0.4649852514266968,-0.40999481081962585,0.07079590857028961,0.2914051115512848,1.7520413398742676,1.8687745332717896,1.5519393682479858,1.4845893383026123,-0.5386114120483398,1.1215354204177856,1.5519393682479858,1.5519393682479858,0.2914051115512848,1.5519393682479858,1.8687745332717896,1.8687745332717896
2.4812558,0.9120979309082031,1.1189906597137451,1.4607651233673096,0.0382821224629879,0.4183723032474518,0.47377508878707886,-0.40567031502723694,0.07941789925098419,0.2786268889904022,1.7566478252410889,1.873607873916626,1.5547714233398438,1.486006259918213,-0.5401996374130249,1.1189906597137451,1.5547714233398438,1.5547714233398438,0.2786268889904022,1.5547714233398438,1.873607873916626,1.873607873916626
2.4967473,0.913000226020813,1.1225178241729736,1.4600614309310913,-0.0671941339969635,0.177298441529274,0.272445410490036,-0.4174562394618988,0.07074509561061859,0.28385698795318604,1.760709285736084,1.8778917789459229,1.557263731956482,1.4872443675994873,-0.5404868125915527,1.1225178241729736,1.557263731956482,1.557263731956482,0.28385698795318604,1.557263731956482,1.8778917789459229,1.8778917789459229
2.5049007,0.9124250411987305,1.1201978921890259,1.4614121913909912,0.22284384071826935,0.7121935486793518,0.2135816365480423,-0.40867218375205994,0.07487383484840393,0.2817609906196594,1.7649502754211426,1.8823636770248413,1.5598934888839722,1.488541603088379,-0.5417253971099854,1.1201978921890259,1.5598934888839722,1.5598934888839722,0.2817609906196594,1.5598934888839722,1.8823636770248413,1.8823636770248413
2.5171309,0.9124019145965576,1.1220029592514038,1.4601975679397583,0.7347086668014526,0.6449183225631714,0.5367327332496643,-0.4114411771297455,0.07439039647579193,0.28901147842407227,1.768735647201538,1.88629150390625,1.562165379524231,1.489607334136963,-0.5421445369720459,1.1220029592514038,1.562165379524231,1.562165379524231,0.28901147842407227,1.562165379524231,1.88629150390625,1.88629150390625
2.5334377,0.9121658802032471,1.120307207107544,1.4611005783081055,0.40640610456466675,0.26714280247688293,0.5063081383705139,-0.4087580144405365,0.07183678448200226,0.2832750678062439,1.7727954387664795,1.8906500339508057,1.5646703243255615,1.4908292293548584,-0.5432835817337036,1.120307207107544,1.5646703243255615,1.5646703243255615,0.2832750678062439,1.5646703243255615,1.8906500339508057,1.8906500339508057
2.5407758,0.9125374555587769,1.1217432022094727,1.4608726501464844,0.02806750126183033,0.1486591249704361,0.5618597865104675,-0.41445615887641907,0.07566536217927933,0.2790486812591553,1.77671217918396,1.8946669101715088,1.5670140981674194,1.491811990737915,-0.5441498160362244,1.1217432022094727,1.5670140981674194,1.5670140981674194,0.2790486812591553,1.5670140981674194,1.8946669101715088,1.8946669101715088
2.5595286,0.9127675294876099,1.1221556663513184,1.4613010883331299,0.21121960878372192,0.24500253796577454,0.7506806254386902,-0.4147786796092987,0.06578488647937775,0.2845321595668793,1.7803881168365479,1.8985859155654907,1.5692821741104126,1.4928615093231201,-0.544645369052887,1.1221556663513184,1.5692821741104126,1.5692821741104126,0.2845321595668793,1.5692821741104126,1.8985859155654907,1.8985859155654907
2.57502,0.9122014045715332,1.119962215423584,1.4615840911865234,-0.14653007686138153,0.08901814371347427,0.5846646428108215,-0.4090190827846527,0.0792778730392456,0.28099697828292847,1.7843382358551025,1.9025946855545044,1.5716315507888794,1.4937891960144043,-0.5458886027336121,1.119962215423584,1.5716315507888794,1.5716315507888794,0.28099697828292847,1.5716315507888794,1.9025946855545044,1.9025946855545044
2.5880654,0.9130351543426514,1.1232510805130005,1.461355209350586,0.49704572558403015,0.32764294743537903,1.3210031986236572,-0.4190772473812103,0.07525144517421722,0.28063395619392395,1.7887110710144043,1.9071077108383179,1.5742504596710205,1.4948198795318604,-0.5465772747993469,1.1232510805130005,1.5742504596710205,1.5742504596710205,0.28063395619392395,1.5742504596710205,1.9071077108383179,1.9071077108383179
2.593773,0.9128190279006958,1.1221023797988892,1.4622080326080322,0.4224890470504761,0.6999627947807312,0.21128804981708527,-0.41466984152793884,0.0741177350282669,0.28477171063423157,1.7930052280426025,1.91159987449646,1.5768629312515259,1.4958832263946533,-0.5474882125854492,1.1221023797988892,1.5768629312515259,1.5768629312515259,0.28477171063423157,1.5768629312515259,1.91159987449646,1.91159987449646
2.5994802,0.9120628833770752,1.1215035915374756,1.4613209962844849,0.5523310899734497,0.7651329040527344,0.5354425311088562,-0.4057106673717499,0.07431945204734802,0.2937280535697937,1.7967121601104736,1.9154530763626099,1.579055666923523,1.4967679977416992,-0.5480557680130005,1.1215035915374756,1.579055666923523,1.579055666923523,0.2937280535697937,1.579055666923523,1.9154530763626099,1.9154530763626099
2.5717587,0.9115484952926636,1.1198790073394775,1.4612152576446533,0.33196836709976196,0.30061018466949463,0.7005870342254639,-0.3959234654903412,0.06705139577388763,0.29007968306541443,1.80019211769104,1.9192142486572266,1.581142544746399,1.4976699352264404,-0.5489934682846069,1.1198790073394775,1.581142544746399,1.581142544746399,0.29007968306541443,1.581142544746399,1.9192142486572266,1.9192142486572266
2.5309916,0.910597562789917,1.1187872886657715,1.4594100713729858,-0.032502319663763046,0.4268020987510681,0.5732439160346985,-0.11656895279884338,0.052576079964637756,0.304203063249588,1.8007676601409912,1.9202519655227661,1.5815608501434326,1.4981689453125,-0.5482702255249023,1.1187872886657715,1.5815608501434326,1.5815608501434326,0.304203063249588,1.5815608501434326,1.9202519655227661,1.9202519655227661
2.4926705,0.9069094657897949,1.1105906963348389,1.4568581581115723,0.2683337330818176,0.15356943011283875,0.534211277961731,0.127085879445076,0.036160245537757874,0.23539800941944122,1.7978360652923584,1.9178420305252075,1.5798894166946411,1.4979815483093262,-0.5478992462158203,1.1105906963348389,1.5798894166946411,1.5798894166946411,0.23539800941944122,1.5798894166946411,1.9178420305252075,1.9178420305252075
2.469841,0.905616044998169,1.1054459810256958,1.4546418190002441,0.7939815521240234,0.3783518075942993,0.9247815012931824,0.17395810782909393,0.01761956512928009,0.21371296048164368,1.7918250560760498,1.912207841873169,1.5763169527053833,1.4968657493591309,-0.5471444129943848,1.1054459810256958,1.5763169527053833,1.5763169527053833,0.21371296048164368,1.5763169527053833,1.912207841873169,1.912207841873169
2.4486423,0.9069440364837646,1.1082093715667725,1.4569203853607178,0.3196186423301697,0.5539687275886536,0.38801151514053345,0.15122023224830627,0.010840214788913727,0.201742023229599,1.7839305400848389,1.904449224472046,1.5716683864593506,1.49503755569458,-0.5462449789047241,1.1082093715667725,1.5716683864593506,1.5716683864593506,0.201742023229599,1.5716683864593506,1.904449224472046,1.904449224472046
2.4445655,0.9090970754623413,1.1136934757232666,1.458195686340332,0.3826349973678589,0.4299795925617218,0.9561738967895508,0.13873757421970367,0.011568471789360046,0.2014918476343155,1.7744758129119873,1.8945715427398682,1.5659914016723633,1.492499589920044,-0.5441231727600098,1.1136934757232666,1.5659914016723633,1.5659914016723633,0.2014918476343155,1.5659914016723633,1.8945715427398682,1.8945715427398682
2.4258127,0.9098027944564819,1.1137244701385498,1.4592199325561523,0.42082101106643677,0.6269782781600952,0.20041139423847198,0.12741485238075256,0.013611659407615662,0.19583192467689514,1.7665610313415527,1.8858695030212402,1.5611168146133423,1.4900481700897217,-0.5427708029747009,1.1137244701385498,1.5611168146133423,1.5611168146133423,0.19583192467689514,1.5611168146133423,1.8858695030212402,1.8858695030212402
2.3353097,0.9110416173934937,1.1185907125473022,1.4583457708358765,0.15147295594215393,-0.18699052929878235,0.59794682264328,0.13383324444293976,0.014605909585952759,0.20615065097808838,1.759951114654541,1.878675103187561,1.5570436716079712,1.4880096912384033,-0.5405550599098206,1.1185907125473022,1.5570436716079712,1.5570436716079712,0.20615065097808838,1.5570436716079712,1.878675103187561,1.878675103187561
2.0874462,0.9070713520050049,1.1075358390808105,1.4531373977661133,-0.12594883143901825,0.32333609461784363,0.5764159560203552,0.15255692601203918,0.013805344700813293,0.22191324830055237,1.7492873668670654,1.8683583736419678,1.5507136583328247,1.4853827953338623,-0.536516010761261,1.1075358390808105,1.5507136583328247,1.5507136583328247,0.22191324830055237,1.5507136583328247,1.8683583736419678,1.8683583736419678
2.027111,0.8772200345993042,1.0685101747512817,1.422318935394287,0.10295306891202927,0.5708072781562805,0.39597880840301514,0.1600435972213745,0.011201158165931702,0.2219558209180832,1.7217459678649902,1.843130350112915,1.534387469291687,1.4768264293670654,-0.5280565023422241,1.0685101747512817,1.534387469291687,1.534387469291687,0.2219558209180832,1.534387469291687,1.843130350112915,1.843130350112915
2.0108042,0.861566424369812,1.026241660118103,1.413378357887268,0.07162074744701385,0.2705581784248352,0.5721143484115601,0.1728488802909851,-0.005855351686477661,0.1989089399576187,1.6909329891204834,1.8124351501464844,1.5146361589431763,1.4620707035064697,-0.53093421459198,1.026241660118103,1.5146361589431763,1.5146361589431763,0.1989089399576187,1.5146361589431763,1.8124351501464844,1.8124351501464844
1.7702787,0.889040470123291,1.0729873180389404,1.43318772315979,0.08327682316303253,0.15942439436912537,0.6630595326423645,0.1343298703432083,-0.013953045010566711,0.18790245056152344,1.6585500240325928,1.778380274772644,1.493622064590454,1.4451677799224854,-0.525094211101532,1.0729873180389404,1.493622064590454,1.493622064590454,0.18790245056152344,1.493622064590454,1.778380274772644,1.778380274772644
1.6496083,0.892418384552002,1.0481003522872925,1.4183599948883057,0.5253815054893494,0.17009685933589935,0.5358688831329346,0.10142704844474792,0.0002451092004776001,0.21002617478370667,1.604862928390503,1.722952127456665,1.4594180583953857,1.4200246334075928,-0.5091460943222046,1.0481003522872925,1.4594180583953857,1.4594180583953857,0.21002617478370667,1.4594180583953857,1.722952127456665,1.722952127456665
1.6398242,0.8524219393730164,0.9902793169021606,1.3834517002105713,0.5474548935890198,0.3126171827316284,0.7932010293006897,0.1794925183057785,0.011091500520706177,0.20129060745239258,1.5470912456512451,1.658569097518921,1.418487548828125,1.3826416730880737,-0.5053168535232544,0.9902793169021606,1.418487548828125,1.418487548828125,0.20129060745239258,1.418487548828125,1.658569097518921,1.658569097518921
1.5688895,0.876211404800415,1.0287156105041504,1.4010810852050781,0.46637874841690063,0.6559471487998962,0.3102959990501404,0.15215592086315155,0.009272485971450806,0.18873746693134308,1.506897211074829,1.6139366626739502,1.3889282941818237,1.3487913608551025,-0.5018805265426636,1.0287156105041504,1.3889282941818237,1.3889282941818237,0.18873746693134308,1.3889282941818237,1.6139366626739502,1.6139366626739502
1.4849094,0.8981280326843262,1.045771598815918,1.4197399616241455,0.6696743965148926,0.5022637248039246,0.5262443423271179,0.11493682861328125,0.014028377830982208,0.19030091166496277,1.4625344276428223,1.5638134479522705,1.3573448657989502,1.3168540000915527,-0.4931260645389557,1.045771598815918,1.3573448657989502,1.3573448657989502,1.3573448657989502,1.3573448657989502,1.5638134479522705,1.5638134479522705
1.4979548,0.8931403160095215,1.036926507949829,1.4106358289718628,0.24638141691684723,0.4986574947834015,0.18593716621398926,0.13719812035560608,0.021118104457855225,0.2042354792356491,1.4104464054107666,1.5013535022735596,1.3183205127716064,1.2786169052124023,-0.485066294670105,1.036926507949829,1.3183205127716064,1.3183205127716064,1.3183205127716064,1.3183205127716064,1.5013535022735596,1.5013535022735596
1.3984834,0.8921607732772827,1.0293680429458618,1.40379798412323,0.20309235155582428,0.2520216703414917,0.4076426029205322,0.15832436084747314,0.015422262251377106,0.19082984328269958,1.3824536800384521,1.4667421579360962,1.2964186668395996,1.251593828201294,-0.48402872681617737,1.0293680429458618,1.2964186668395996,1.2964186668395996,1.2964186668395996,1.2964186668395996,1.4667421579360962,1.4667421579360962
1.314503,0.905381441116333,1.0529695749282837,1.4060783386230469,0.13374270498752594,0.1906214952468872,0.37816017866134644,0.1370461881160736,0.014315709471702576,0.20486769080162048,1.354074478149414,1.4363698959350586,1.2754896879196167,1.228661060333252,-0.4764861464500427,1.0529695749282837,1.2754896879196167,1.2754896879196167,1.2754896879196167,1.2754896879196167,1.4363698959350586,1.4363698959350586
1.2321539,0.8818273544311523,1.0089508295059204,1.3948984146118164,0.31684762239456177,0.3149053752422333,0.31111398339271545,0.15952053666114807,0.020224198698997498,0.20496125519275665,1.3163950443267822,1.3921642303466797,1.2463172674179077,1.1959238052368164,-0.4738152027130127,1.0089508295059204,1.2463172674179077,1.2463172674179077,1.2463172674179077,1.2463172674179077,1.3921642303466797,1.3921642303466797
1.254168,0.87872314453125,0.9939330816268921,1.3608627319335938,0.8302563428878784,0.1056600958108902,0.46128782629966736,0.16936902701854706,0.01987917721271515,0.20562709867954254,1.276292085647583,1.3463435173034668,1.2140134572982788,1.1559605598449707,-0.46920663118362427,0.9939330816268921,1.2140134572982788,1.2140134572982788,1.2140134572982788,1.2140134572982788,1.3463435173034668,1.3463435173034668
1.2256311,0.8903049230575562,0.9914536476135254,1.4016554355621338,0.42351895570755005,0.7715770602226257,0.5409941077232361,0.13142931461334229,0.013352669775485992,0.18267834186553955,1.2490935325622559,1.3118746280670166,1.1902145147323608,1.1238605976104736,-0.4698345959186554,0.9914536476135254,1.1902145147323608,1.1902145147323608,1.1902145147323608,1.1902145147323608,1.3118746280670166,1.3118746280670166
1.1750801,0.9095394611358643,1.0297521352767944,1.4108397960662842,0.11246849596500397,0.39138492941856384,0.08648589253425598,0.11867765337228775,0.010451965034008026,0.18720948696136475,1.215803623199463,1.2705082893371582,1.163141131401062,1.0928940773010254,-0.4629874527454376,1.0297521352767944,1.163141131401062,1.163141131401062,1.163141131401062,1.163141131401062,1.2705082893371582,1.2705082893371582
1.1661112,0.9041285514831543,1.0305320024490356,1.4190499782562256,0.08263403922319412,0.8666808605194092,0.10284776985645294,0.11011314392089844,0.02282819151878357,0.21425947546958923,1.1868135929107666,1.234837532043457,1.1393163204193115,1.0678547620773315,-0.45945122838020325,1.0305320024490356,1.1393163204193115,1.1393163204193115,1.1393163204193115,1.1393163204193115,1.234837532043457,1.234837532043457
1.0837618,0.896176815032959,1.018101692199707,1.382188320159912,0.5358195304870605,0.29360005259513855,0.753392219543457,0.16441383957862854,0.03213153034448624,0.21393969655036926,1.1672120094299316,1.211456060409546,1.1224380731582642,1.0465583801269531,-0.45859163999557495,1.018101692199707,1.1224380731582642,1.1224380731582642,1.1224380731582642,1.1224380731582642,1.211456060409546,1.211456060409546
1.0495175,0.9006490707397461,1.0273089408874512,1.379324197769165,-0.12856744229793549,0.5341261029243469,0.41303977370262146,0.14993536472320557,0.015365645289421082,0.2155734896659851,1.1473126411437988,1.1900274753570557,1.1044927835464478,1.0267229080200195,-0.45439648628234863,1.0273089408874512,1.1044927835464478,1.1044927835464478,1.1044927835464478,1.1044927835464478,1.1900274753570557,1.1900274753570557
1.0348414,0.8874316215515137,0.9847323894500732,1.393188714981079,0.31446853280067444,0.37356963753700256,0.3374859094619751,0.17157603800296783,0.01863837242126465,0.2068043351173401,1.119321584701538,1.1563633680343628,1.0790334939956665,0.9963104128837585,-0.45409390330314636,0.9847323894500732,1.0790334939956665,1.0790334939956665,1.0790334939956665,1.0790334939956665,1.1563633680343628,1.1563633680343628
1.0185347,0.8933188915252686,0.9939956665039062,1.3877229690551758,0.30532604455947876,0.3971242606639862,0.3994828462600708,0.1588839590549469,0.015226691961288452,0.20177805423736572,1.0931518077850342,1.1254688501358032,1.0549637079238892,0.9659140110015869,-0.451558381319046,0.9939956665039062,1.0549637079238892,1.0549637079238892,1.0549637079238892,1.0549637079238892,1.1254688501358032,1.1254688501358032
0.91090965,0.9037163257598877,1.0161497592926025,1.411533236503601,0.15925179421901703,0.25863349437713623,0.26225095987319946,0.11821296811103821,0.02120640128850937,0.20153649151325226,1.0715605020523071,1.0984708070755005,1.0347386598587036,0.942771852016449,-0.4493348002433777,1.0161497592926025,1.0347386598587036,1.0347386598587036,1.0347386598587036,1.0347386598587036,1.0984708070755005,1.0984708070755005
0.8579125,0.8912568092346191,1.0174696445465088,1.3739519119262695,0.13443247973918915,0.11438720673322678,0.5699421763420105,0.16047270596027374,0.035244494676589966,0.2294028401374817,1.0332740545272827,1.0560626983642578,1.0017436742782593,0.9081504940986633,-0.44286444783210754,1.0174696445465088,1.0017436742782593,1.0017436742782593,1.0017436742782593,1.0017436742782593,1.0560626983642578,1.0560626983642578
0.8293757,0.8623263835906982,0.9262840747833252,1.3683874607086182,-0.08709336817264557,0.008160369470715523,0.4119485020637512,0.19118632376194,0.052076563239097595,0.21798279881477356,0.9975407123565674,1.017116665840149,0.9690712690353394,0.869042158126831,-0.4427434504032135,0.9975407123565674,0.9690712690353394,0.9690712690353394,0.9690712690353394,0.9690712690353394,1.017116665840149,1.017116665840149
0.8342676,0.8719770908355713,0.9361100196838379,1.3824632167816162,0.15022332966327667,0.09593749046325684,0.6321995258331299,0.14695288240909576,0.06156333535909653,0.21285486221313477,0.9632770419120789,0.9794354438781738,0.9359461069107056,0.8278725147247314,-0.44030410051345825,0.9359461069107056,0.9359461069107056,0.9359461069107056,0.9359461069107056,0.9359461069107056,0.9359461069107056,0.9794354438781738
0.77067107,0.8923256397247314,0.9534604549407959,1.4049427509307861,0.34351515769958496,0.37170612812042236,0.24051779508590698,0.07617881149053574,0.07003852725028992,0.1980510801076889,0.9319177269935608,0.9418672323226929,0.9054203033447266,0.793029248714447,-0.43850886821746826,0.9054203033447266,0.9054203033447266,0.9054203033447266,0.9054203033447266,0.9054203033447266,0.9054203033447266,0.9054203033447266
0.7225658,0.8838601112365723,1.0012356042861938,1.3666017055511475,0.24143318831920624,-0.13146552443504333,0.10188312828540802,0.0334087535738945,0.09737297892570496,0.23725982010364532,0.8882798552513123,0.8952285051345825,0.8685722947120667,0.7557774782180786,-0.43214789032936096,0.8685722947120667,0.8685722947120667,0.8685722947120667,0.8685722947120667,0.8685722947120667,0.8685722947120667,0.8685722947120667
0.6809837,0.8501246571540833,0.9663028717041016,1.341174602508545,-0.159421905875206,0.42458638548851013,0.01557917520403862,0.06986074149608612,0.10595296323299408,0.24239499866962433,0.852749228477478,0.8591392040252686,0.8374857306480408,0.7231251001358032,-0.4307607412338257,0.8374857306480408,0.8374857306480408,0.8374857306480408,0.8374857306480408,0.8374857306480408,0.8374857306480408,0.8374857306480408
0.6491853,0.8568119406700134,0.9564491510391235,1.3142242431640625,0.4224271774291992,0.04491657018661499,0.8067708611488342,0.07214515656232834,0.14771482348442078,0.24258898198604584,0.8186599612236023,0.8268228769302368,0.8063465356826782,0.6884336471557617,-0.42858171463012695,0.8063465356826782,0.8063465356826782,0.8063465356826782,0.8063465356826782,0.8063465356826782,0.8063465356826782,0.8063465356826782
0.6467393,0.8637306690216064,0.9339667558670044,1.3273119926452637,0.4785195589065552,0.33451467752456665,0.3010314404964447,0.05060121417045593,0.14106722176074982,0.23880214989185333,0.7844306230545044,0.791808009147644,0.7732477188110352,0.6537487506866455,-0.426769882440567,0.7732477188110352,0.7732477188110352,0.7732477188110352,0.7732477188110352,0.7732477188110352,0.7732477188110352,0.7732477188110352
0.5839579,0.8724863529205322,0.932985246181488,1.3202564716339111,0.550360918045044,0.47395575046539307,0.24707353115081787,0.05203761160373688,0.13961245119571686,0.2325284481048584,0.7500407099723816,0.7534193992614746,0.7396230697631836,0.6183388233184814,-0.42480146884918213,0.7396230697631836,0.7396230697631836,0.7396230697631836,0.7396230697631836,0.7396230697631836,0.7396230697631836,0.7396230697631836
0.58558875,0.8792526721954346,0.9336949586868286,1.260087490081787,0.17683888971805573,0.18490909039974213,0.6276282072067261,0.040350526571273804,0.12302791327238083,0.25346049666404724,0.7132957577705383,0.7150974273681641,0.7052643299102783,0.5866139531135559,-0.42001381516456604,0.7052643299102783,0.7052643299102783,0.7052643299102783,0.7052643299102783,0.7052643299102783,0.7052643299102783,0.7052643299102783
0.5586825,0.8563922643661499,0.8755124807357788,1.2678940296173096,0.3419824242591858,0.07760033011436462,0.11155928671360016,0.06949387490749359,0.10053770244121552,0.23456183075904846,0.6866424083709717,0.6853969097137451,0.6782535314559937,0.5586167573928833,-0.42071592807769775,0.6782535314559937,0.6782535314559937,0.6782535314559937,0.6782535314559937,0.6782535314559937,0.6782535314559937,0.6782535314559937
0.54074484,0.8811882734298706,0.9103209972381592,1.2252169847488403,0.3551412522792816,0.22827281057834625,0.5704255104064941,0.036960385739803314,0.1064855307340622,0.24225279688835144,0.6633446216583252,0.6609635353088379,0.654393196105957,0.5346308350563049,-0.417455792427063,0.654393196105957,0.654393196105957,0.654393196105957,0.654393196105957,0.654393196105957,0.654393196105957,0.654393196105957
0.5798815,0.8773132562637329,0.875409722328186,1.2404367923736572,0.065608449280262,0.005444200709462166,0.46650734543800354,0.0013822615146636963,0.0991627424955368,0.24208025634288788,0.6419150829315186,0.6366369724273682,0.6319093108177185,0.5144187808036804,-0.41672632098197937,0.6319093108177185,0.6319093108177185,0.6319093108177185,0.6319093108177185,0.6319093108177185,0.6319093108177185,0.6319093108177185
0.53177625,0.8829125165939331,0.8898541927337646,1.2111330032348633,0.0637165904045105,0.4181475043296814,0.6437810063362122,-0.0944860577583313,0.08606328070163727,0.190794438123703,0.6303743124008179,0.6219879984855652,0.6190794706344604,0.49908772110939026,-0.41704463958740234,0.6190794706344604,0.6190794706344604,0.6190794706344604,0.6190794706344604,0.6190794706344604,0.6190794706344604,0.6190794706344604
0.48530182,0.8869428634643555,0.8975880742073059,1.1322555541992188,0.3520490229129791,0.22538641095161438,0.3852667808532715,-0.0858728289604187,0.06869073212146759,0.2568441927433014,0.6200937628746033,0.6112222671508789,0.6087744235992432,0.4931130111217499,-0.41310203075408936,0.6087744235992432,0.6087744235992432,0.6087744235992432,0.6087744235992432,0.6087744235992432,0.6087744235992432,0.6087744235992432
0.44861162,0.8447129726409912,0.8297057151794434,1.0745949745178223,0.3883495330810547,0.42893463373184204,0.8004863858222961,-0.023621603846549988,0.06030239164829254,0.2662197947502136,0.5964241027832031,0.5882880687713623,0.5865646600723267,0.47572821378707886,-0.41273629665374756,0.5865646600723267,0.5865646600723267,0.5865646600723267,0.5865646600723267,0.5865646600723267,0.5865646600723267,0.5865646600723267
0.40947503,0.8291984796524048,0.8036764860153198,1.003964900970459,0.6244009733200073,0.72587651014328,0.3777048885822296,0.031732574105262756,0.08756817877292633,0.25532495975494385,0.5699126124382019,0.566421389579773,0.5612495541572571,0.4506177306175232,-0.41171279549598694,0.5612495541572571,0.5612495541572571,0.5612495541572571,0.5612495541572571,0.5612495541572571,0.5612495541572571,0.5612495541572571
0.4331199,0.8450934886932373,0.8250731229782104,1.1217083930969238,0.27273914217948914,0.13913416862487793,0.322304904460907,0.009025156497955322,0.0884363204240799,0.24590371549129486,0.5392053723335266,0.5385569334030151,0.5305662751197815,0.422176331281662,-0.41038697957992554,0.5305662751197815,0.5385569334030151,0.5305662751197815,0.5385569334030151,0.5305662751197815,0.5385569334030151,0.5305662751197815
0.42904344,0.84687340259552,0.8102593421936035,1.1918907165527344,0.4678471088409424,-0.03242567181587219,0.44389408826828003,-0.009947329759597778,0.09471319615840912,0.22771388292312622,0.5098885297775269,0.5056741237640381,0.4972509443759918,0.3903069496154785,-0.4101907014846802,0.4972509443759918,0.5056741237640381,0.4972509443759918,0.5056741237640381,0.4972509443759918,0.5056741237640381,0.5056741237640381
0.37930742,0.8919081687927246,0.8553624153137207,1.1490542888641357,-0.0473499596118927,0.23905041813850403,0.6806687712669373,-0.07195134460926056,0.09485168755054474,0.2141711264848709,0.49007168412208557,0.4831523597240448,0.4748673141002655,0.37167873978614807,-0.4069802165031433,0.4748673141002655,0.4831523597240448,0.4748673141002655,0.4831523597240448,0.4748673141002655,0.4831523597240448,0.4831523597240448
0.3964297,0.8536522388458252,0.8069971799850464,1.074002742767334,0.24143384397029877,0.4639955461025238,0.43793368339538574,-0.03356581926345825,0.0863141342997551,0.2588285505771637,0.46203064918518066,0.458464115858078,0.45090025663375854,0.3555615544319153,-0.40428638458251953,0.45090025663375854,0.458464115858078,0.45090025663375854,0.458464115858078,0.45090025663375854,0.458464115858078,0.458464115858078
0.32712576,0.8208825588226318,0.7626639008522034,1.055023431777954,0.019932011142373085,0.380251944065094,0.9035463333129883,0.019708409905433655,0.06990356743335724,0.2510402798652649,0.44853198528289795,0.44682618975639343,0.43812957406044006,0.34179413318634033,-0.40595412254333496,0.43812957406044006,0.44682618975639343,0.43812957406044006,0.44682618975639343,0.43812957406044006,0.44682618975639343,0.44682618975639343
0.29940417,0.8584564924240112,0.7853018045425415,0.9863054752349854,-0.21626992523670197,0.18536919355392456,0.2673940062522888,0.00782930850982666,0.11576644331216812,0.2502448260784149,0.43277794122695923,0.4306891858577728,0.4188746511936188,0.32670828700065613,-0.4018559157848358,0.4188746511936188,0.4306891858577728,0.4306891858577728,0.4306891858577728,0.4306891858577728,0.4306891858577728,0.4306891858577728
0.22846954,0.7925124764442444,0.6916136741638184,1.0542198419570923,0.2951849102973938,0.07095813006162643,0.5657997727394104,0.014712125062942505,0.11448471248149872,0.24169041216373444,0.39986371994018555,0.39936962723731995,0.38598179817199707,0.29898494482040405,-0.40251609683036804,0.38598179817199707,0.39936962723731995,0.39936962723731995,0.39936962723731995,0.39936962723731995,0.39936962723731995,0.39936962723731995
0.2643444,0.7790012359619141,0.6533841490745544,0.840471625328064,0.18833531439304352,0.2605316638946533,0.40371984243392944,0.04088069498538971,0.1500566005706787,0.24699155986309052,0.3582919239997864,0.35592591762542725,0.3383570909500122,0.2582133710384369,-0.3980620205402374,0.35592591762542725,0.35592591762542725,0.35592591762542725,0.24699155986309052,0.35592591762542725,0.35592591762542725,0.35592591762542725
0.279836,0.7934116125106812,0.6701791882514954,1.1366205215454102,0.11889901757240295,0.11104322969913483,0.1325925588607788,-0.022348523139953613,0.121099554002285,0.22150883078575134,0.3265390992164612,0.3290713131427765,0.30903294682502747,0.22854872047901154,-0.4006314277648926,0.3290713131427765,0.3290713131427765,0.3290713131427765,0.22150883078575134,0.3290713131427765,0.3290713131427765,0.3290713131427765
0.27412874,0.8719277381896973,0.7391369938850403,1.142479419708252,0.221088245511055,0.5119718313217163,0.45387428998947144,-0.06856152415275574,0.08348904550075531,0.1942705512046814,0.2983955144882202,0.30413272976875305,0.2827228903770447,0.2054508477449417,-0.39679431915283203,0.30413272976875305,0.30413272976875305,0.30413272976875305,0.1942705512046814,0.30413272976875305,0.30413272976875305,0.30413272976875305
0.24885304,0.8719878196716309,0.7358171939849854,1.157200813293457,0.18633513152599335,0.023780422285199165,0.5503926277160645,-0.11200779676437378,0.03217436373233795,0.2017413079738617,0.2812764048576355,0.2896505296230316,0.2709987461566925,0.19981802999973297,-0.395383358001709,0.2896505296230316,0.2896505296230316,0.2896505296230316,0.2017413079738617,0.2896505296230316,0.2896505296230316,0.2896505296230316
0.18281057,0.8101431727409363,0.7273375391960144,0.9549639225006104,0.6117607951164246,0.8245458006858826,0.4770810902118683,-0.06869566440582275,0.002348676323890686,0.29038897156715393,0.2730367183685303,0.27795299887657166,0.2599853575229645,0.1927141398191452,-0.3938322067260742,0.27795299887657166,0.27795299887657166,0.27795299887657166,0.29038897156715393,0.27795299887657166,0.27795299887657166,0.27795299887657166
0.15427352,0.7585314512252808,0.6318016052246094,0.8073918223381042,-0.20218294858932495,0.38558921217918396,0.7052596211433411,0.0395941361784935,0.12948618829250336,0.26187458634376526,0.26595818996429443,0.26657089591026306,0.24799275398254395,0.18361476063728333,-0.39267343282699585,0.26657089591026306,0.26657089591026306,0.26657089591026306,0.26187458634376526,0.26657089591026306,0.26657089591026306,0.26657089591026306
0.14612025,0.7329671382904053,0.5467815399169922,0.8434585332870483,-0.08523036539554596,0.4208061695098877,0.42404282093048096,0.035725221037864685,0.14886824786663055,0.23641444742679596,0.23964007198810577,0.23873385787010193,0.21986418962478638,0.15731921792030334,-0.3932281732559204,0.23873385787010193,0.23873385787010193,0.23873385787010193,0.23641444742679596,0.23873385787010193,0.23873385787010193,0.23873385787010193
0.15508887,0.7966819405555725,0.6087683439254761,0.9879837036132812,0.4299466013908386,-0.1138957142829895,0.3309975862503052,-0.015719637274742126,0.14710529148578644,0.22193026542663574,0.20684747397899628,0.2057592272758484,0.1869204044342041,0.12642550468444824,-0.391871839761734,0.22193026542663574,0.2057592272758484,0.2057592272758484,0.22193026542663574,0.2057592272758484,0.2057592272758484,0.2057592272758484
0.12492127,0.8215224742889404,0.692241370677948,1.105872392654419,-0.4804774522781372,0.2437259554862976,0.29815223813056946,-0.08155737817287445,0.12691614031791687,0.20310339331626892,0.17367739975452423,0.17534710466861725,0.15808308124542236,0.10195815563201904,-0.3904991149902344,0.20310339331626892,0.17534710466861725,0.17534710466861725,0.20310339331626892,0.17534710466861725,0.17534710466861725,0.17534710466861725
0.1501967,0.8323737382888794,0.683779239654541,0.9879204630851746,-0.32402342557907104,0.30436861515045166,0.32837992906570435,-0.0736784040927887,0.13060343265533447,0.23249845206737518,0.14490298926830292,0.1447562873363495,0.12999394536018372,0.081097811460495,-0.3870387077331543,0.23249845206737518,0.1447562873363495,0.1447562873363495,0.23249845206737518,0.1447562873363495,0.1447562873363495,0.1447562873363495
0.11513731,0.8101108074188232,0.6686087846755981,1.0438196659088135,-0.08769070357084274,-0.09559808671474457,0.17983412742614746,-0.12971287965774536,0.08055084198713303,0.2230505794286728,0.13430744409561157,0.13601531088352203,0.12165538966655731,0.07296368479728699,-0.38853949308395386,0.2230505794286728,0.13601531088352203,0.13601531088352203,0.2230505794286728,0.13601531088352203,0.13601531088352203,0.13601531088352203
0.10616831,0.8177101016044617,0.6559242010116577,0.8713401556015015,-0.3379547595977783,0.5934395790100098,0.47759461402893066,-0.041227832436561584,0.10078778862953186,0.25271114706993103,0.1291167438030243,0.12729531526565552,0.11299799382686615,0.0669684112071991,-0.3855602741241455,0.25271114706993103,-0.041227832436561584,0.12729531526565552,0.25271114706993103,0.12729531526565552,-0.041227832436561584,0.12729531526565552
0.120844565,0.7468827366828918,0.5837085247039795,0.945917010307312,0.31774771213531494,0.19495484232902527,0.3252761662006378,-0.03282447159290314,0.1226663663983345,0.23647409677505493,0.11725980043411255,0.11527638137340546,0.10341020673513412,0.05881449580192566,-0.3866389989852905,0.23647409677505493,-0.03282447159290314,0.11527638137340546,0.23647409677505493,0.11527638137340546,-0.03282447159290314,0.11725980043411255
0.11106048,0.7923172116279602,0.6307356357574463,0.9368054866790771,0.6806442737579346,0.19523218274116516,0.31594717502593994,-0.046977996826171875,0.10009802877902985,0.2408665120601654,0.11016852408647537,0.10755454003810883,0.09443128854036331,0.04944533109664917,-0.3864530920982361,0.2408665120601654,-0.046977996826171875,0.10755454003810883,0.2408665120601654,0.10755454003810883,-0.046977996826171875,0.11016852408647537
0.06784742,0.8315674066543579,0.6864849328994751,1.0510129928588867,0.40368831157684326,0.4508105516433716,0.19291488826274872,-0.13048294186592102,0.10606478899717331,0.19678924977779388,0.10523394495248795,0.10302454978227615,0.09129038453102112,0.04734688997268677,-0.3854633569717407,0.19678924977779388,-0.13048294186592102,0.10302454978227615,0.19678924977779388,0.10302454978227615,-0.13048294186592102,0.10523394495248795
0.02789586,0.7092868089675903,0.5236989259719849,0.7310255765914917,0.28015071153640747,0.32647204399108887,0.18067942559719086,-0.014017850160598755,0.09235362708568573,0.257792204618454,0.08758915960788727,0.08239959180355072,0.0719095915555954,0.03445941209793091,-0.38344186544418335,0.37783655524253845,-0.014017850160598755,0.08239959180355072,0.257792204618454,0.08239959180355072,-0.014017850160598755,0.08758915960788727
-0.016132534,0.37301063537597656,0.3808126449584961,0.5477914214134216,0.08133814483880997,-0.0071216728538274765,0.22915126383304596,0.028939932584762573,0.13475538790225983,0.25816550850868225,0.07026833295822144,0.059841468930244446,0.05071570351719856,0.01613759994506836,-0.3829025328159332,-0.011079078540205956,0.028939932584762573,0.059841468930244446,0.25816550850868225,0.059841468930244446,0.028939932584762573,0.07026833295822144
-0.025101535,0.12212179601192474,0.38344353437423706,0.48992177844047546,-0.30536600947380066,0.1182854101061821,0.471057653427124,-0.04058213531970978,0.1499902307987213,0.2524872422218323,0.043883711099624634,0.028306126594543457,0.01920432597398758,-0.010670125484466553,-0.38152819871902466,-0.17367205023765564,-0.04058213531970978,0.028306126594543457,0.2524872422218323,0.028306126594543457,-0.04058213531970978,0.043883711099624634
0.04664857,0.013838857412338257,0.3692811131477356,0.46797508001327515,-0.24462178349494934,0.06135006994009018,0.12682463228702545,-0.11793076992034912,0.14808209240436554,0.24483269453048706,0.007471829652786255,-0.009895578026771545,-0.019778408110141754,-0.042703330516815186,-0.38088494539260864,-0.058085352182388306,-0.11793076992034912,0.007471829652786255,0.24483269453048706,0.007471829652786255,-0.11793076992034912,0.007471829652786255
0.014850411,0.3093658685684204,0.5427114367485046,0.7644970417022705,-0.42820850014686584,0.16506582498550415,0.038402240723371506,-0.20332959294319153,0.0901147723197937,0.2042466551065445,-0.013833776116371155,-0.027180373668670654,-0.039664871990680695,-0.059883326292037964,-0.3817835748195648,0.3093658685684204,-0.20332959294319153,-0.013833776116371155,0.2042466551065445,-0.013833776116371155,-0.20332959294319153,-0.039664871990680695
0.0132196015,0.023359373211860657,0.3818373382091522,0.6730105876922607,-0.19570256769657135,0.22836419939994812,-0.033001434057950974,-0.15439730882644653,0.01960006356239319,0.1852121502161026,-0.02747996151447296,-0.04059293866157532,-0.052733369171619415,-0.06312036514282227,-0.3766218423843384,0.023359373211860657,-0.15439730882644653,-0.02747996151447296,0.1852121502161026,-0.02747996151447296,-0.15439730882644653,-0.052733369171619415
0.0034355142,-0.06944772601127625,0.1802932620048523,0.3842262029647827,0.02206607349216938,-0.18083932995796204,0.25265204906463623,0.001830264925956726,-0.02572678029537201,0.23063698410987854,-0.033642977476119995,-0.045667022466659546,-0.056064628064632416,-0.06258255243301392,-0.37810611724853516,-0.06944772601127625,0.001830264925956726,-0.033642977476119995,0.23063698410987854,-0.033642977476119995,0.001830264925956726,-0.056064628064632416
-0.025101535,0.09538203477859497,0.18968133628368378,0.41452550888061523,-0.05750567093491554,-0.08615191280841827,0.148199200630188,0.05549254268407822,0.024631179869174957,0.28454118967056274,-0.021608874201774597,-0.037851035594940186,-0.050219886004924774,-0.0607338547706604,-0.377774715423584,0.09538203477859497,0.05549254268407822,-0.021608874201774597,0.28454118967056274,-0.021608874201774597,0.05549254268407822,-0.050219886004924774
-0.025101535,-0.1624067723751068,0.3901643753051758,0.4385831356048584,-0.15461398661136627,-0.05144047737121582,0.0321052223443985,-0.1341269314289093,0.13744594156742096,0.23890461027622223,-0.022761031985282898,-0.039145246148109436,-0.049691587686538696,-0.061895787715911865,-0.37793296575546265,-0.1624067723751068,-0.1341269314289093,-0.022761031985282898,0.23890461027622223,-0.022761031985282898,-0.1341269314289093,-0.049691587686538696
-0.08462127,-0.2967270016670227,0.22866190969944,0.29943907260894775,-0.10259470343589783,-0.07803270220756531,0.05308377370238304,-0.11214402318000793,0.15010052919387817,0.24891749024391174,-0.03947383165359497,-0.05707702040672302,-0.06977375596761703,-0.07710200548171997,-0.3779250681400299,-0.2967270016670227,-0.11214402318000793,-0.03947383165359497,0.24891749024391174,-0.03947383165359497,-0.11214402318000793,-0.03947383165359497
-0.093589894,-0.48361736536026,0.07828839123249054,-0.04540520906448364,-0.1256769597530365,-0.1299642026424408,-0.13856948912143707,-0.13121411204338074,0.12325470894575119,0.22561301290988922,-0.0594535768032074,-0.08029280602931976,-0.09539666026830673,-0.09471935033798218,-0.3746422529220581,-0.48361736536026,-0.13121411204338074,-0.0594535768032074,-0.13121411204338074,-0.0594535768032074,-0.13121411204338074,-0.0594535768032074
-0.114788875,-0.48906415700912476,-0.062015220522880554,-0.027754604816436768,-0.2124251127243042,-0.15298698842525482,0.18333949148654938,-0.14822524785995483,0.1426752805709839,0.21500718593597412,-0.08568257093429565,-0.10716450214385986,-0.12423966079950333,-0.11769521236419678,-0.3755554258823395,-0.48906415700912476,-0.14822524785995483,-0.08568257093429565,-0.14822524785995483,-0.08568257093429565,-0.14822524785995483,-0.08568257093429565
-0.12946513,-0.47837960720062256,-0.23808430135250092,-0.2949007749557495,-0.335038423538208,-0.23058077692985535,-0.31904464960098267,-0.16255831718444824,0.16942369937896729,0.21224117279052734,-0.10966488718986511,-0.1340397298336029,-0.15546482801437378,-0.14213216304779053,-0.3730362057685852,-0.27122461795806885,-0.16255831718444824,-0.10966488718986511,-0.16255831718444824,-0.10966488718986511,-0.16255831718444824,-0.10966488718986511
-0.1327265,-0.54799884557724,-0.2425966113805771,-0.36978036165237427,-0.041074275970458984,-0.2344573736190796,-0.4627399146556854,-0.1911018192768097,0.16492469608783722,0.19981291890144348,-0.13604414463043213,-0.16014736890792847,-0.18237313628196716,-0.16237729787826538,-0.3721229135990143,-0.3673107922077179,-0.1911018192768097,-0.13604414463043213,-0.1911018192768097,-0.13604414463043213,-0.1911018192768097,-0.13604414463043213
-0.08462127,-0.6064268946647644,-0.5345354080200195,-0.5891476273536682,-0.26714420318603516,-0.4176211357116699,-0.3235112130641937,-0.17323532700538635,0.1702764332294464,0.20970210433006287,-0.1586533784866333,-0.18544617295265198,-0.20944803953170776,-0.18278199434280396,-0.37062332034111023,-0.24783718585968018,-0.17323532700538635,-0.1586533784866333,-0.17323532700538635,-0.1586533784866333,-0.17323532700538635,-0.1586533784866333
-0.10337398,-0.47805291414260864,-0.4573087692260742,-0.45817387104034424,-0.09788443148136139,-0.40433409810066223,-0.19820567965507507,-0.22902366518974304,0.09892711788415909,0.19034171104431152,-0.16182401776313782,-0.18683475255966187,-0.21046191453933716,-0.18554043769836426,-0.37195590138435364,-0.4369301497936249,-0.22902366518974304,-0.16182401776313782,-0.22902366518974304,-0.16182401776313782,-0.22902366518974304,-0.16182401776313782
-0.10908162,-0.5833150148391724,-0.48826074600219727,-0.5377236008644104,-0.01933084800839424,-0.37662747502326965,-0.5486564040184021,-0.14323392510414124,-0.010822460055351257,0.21369703114032745,-0.16473257541656494,-0.18887510895729065,-0.2118058204650879,-0.1830434799194336,-0.368969589471817,-0.6559894680976868,-0.14323392510414124,-0.16473257541656494,-0.14323392510414124,-0.16473257541656494,-0.14323392510414124,-0.16473257541656494
-0.17757004,-0.6224521398544312,-0.5300099849700928,-0.5864599347114563,-0.24473139643669128,-0.06450437009334564,-0.4038066864013672,-0.019038140773773193,-0.045104920864105225,0.2627393305301666,-0.16461077332496643,-0.18840524554252625,-0.2096029818058014,-0.17974501848220825,-0.3700350522994995,0.026239285245537758,-0.019038140773773193,-0.16461077332496643,-0.019038140773773193,-0.16461077332496643,-0.019038140773773193,-0.16461077332496643
-0.2061071,-0.4676735997200012,-0.5345575213432312,-0.6233001351356506,-0.2584332525730133,-0.2204909324645996,-0.27672287821769714,-0.03921648859977722,0.0636395514011383,0.29235440492630005,-0.1668953001499176,-0.19628039002418518,-0.21897974610328674,-0.18711131811141968,-0.3674786686897278,-0.29646310210227966,-0.03921648859977722,-0.1668953001499176,-0.03921648859977722,-0.1668953001499176,-0.03921648859977722,-0.1668953001499176
-0.16860136,-0.5561104416847229,-0.4775484800338745,-0.5781078934669495,0.1471259891986847,0.051233209669589996,-0.0967462956905365,-0.13919493556022644,0.15560007095336914,0.23496359586715698,-0.1804787516593933,-0.21227148175239563,-0.23468971252441406,-0.2048739194869995,-0.3690539002418518,-0.004460704512894154,-0.13919493556022644,-0.1804787516593933,-0.13919493556022644,-0.1804787516593933,-0.13919493556022644,-0.1804787516593933
-0.1628941,-0.5149918794631958,-0.456589937210083,-0.49917465448379517,-0.27183470129966736,-0.7405337691307068,-0.33409765362739563,-0.18458005785942078,0.15950468182563782,0.20929768681526184,-0.19625845551490784,-0.23138639330863953,-0.2546195387840271,-0.22699469327926636,-0.3695339560508728,0.07488324493169785,-0.18458005785942078,-0.19625845551490784,-0.18458005785942078,-0.19625845551490784,-0.18458005785942078,-0.19625845551490784
-0.19061543,-0.5682811737060547,-0.4297475814819336,-0.5019720196723938,-0.3761128783226013,-0.2985399067401886,-0.3426147699356079,-0.21851971745491028,0.1173853725194931,0.1640053540468216,-0.2124265730381012,-0.2462577521800995,-0.26806092262268066,-0.23700648546218872,-0.366975337266922,0.07540453225374222,-0.21851971745491028,-0.2124265730381012,-0.21851971745491028,-0.2124265730381012,-0.21851971745491028,-0.2124265730381012
-0.21915248,-0.6741959452629089,-0.5540152788162231,-0.6266587376594543,-0.10103156417608261,-0.5957394242286682,-0.5159326791763306,-0.08599087595939636,-0.00976957380771637,0.22915148735046387,-0.22902065515518188,-0.2643411457538605,-0.2836570143699646,-0.2462369203567505,-0.3646799921989441,-0.553912341594696,-0.08599087595939636,-0.22902065515518188,-0.08599087595939636,-0.22902065515518188,-0.08599087595939636,-0.22902065515518188
-0.25828877,-0.6528803706169128,-0.5616442561149597,-0.6507050395011902,-0.11691939830780029,-0.08827004581689835,-0.3319471478462219,-0.029972076416015625,0.04124203324317932,0.28822800517082214,-0.232481449842453,-0.2715487480163574,-0.29038578271865845,-0.25318580865859985,0.1480269432067871,-0.10859037935733795,-0.029972076416015625,-0.232481449842453,-0.029972076416015625,-0.232481449842453,-0.029972076416015625,-0.232481449842453
-0.27459553,-0.6582362651824951,-0.5445696711540222,-0.6420957446098328,0.2276993989944458,-0.1261085867881775,-0.45138031244277954,-0.13541892170906067,0.1531318873167038,0.2446713149547577,-0.2399362325668335,-0.2799535095691681,-0.3001125454902649,-0.26507139205932617,0.14130213856697083,0.0471343956887722,-0.2399362325668335,-0.2399362325668335,-0.13541892170906067,-0.2399362325668335,-0.2399362325668335,-0.2399362325668335
-0.26073498,-0.6802644729614258,-0.5394947528839111,-0.6285107731819153,0.14835277199745178,-0.5009764432907104,-0.20292644202709198,-0.17231768369674683,0.17030686140060425,0.22652757167816162,-0.2594035863876343,-0.30000028014183044,-0.31895142793655396,-0.2871397137641907,0.13807152211666107,-0.2594035863876343,-0.2594035863876343,-0.2594035863876343,-0.17231768369674683,-0.2594035863876343,-0.2594035863876343,-0.2594035863876343
-0.25828877,-0.6556047797203064,-0.5424875020980835,-0.6162101626396179,0.005283685401082039,-0.07121054083108902,-0.2606455981731415,-0.19584748148918152,0.17175789177417755,0.20971564948558807,-0.27750882506370544,-0.31907030940055847,-0.33591145277023315,-0.3074708580970764,0.13813528418540955,-0.27750882506370544,-0.27750882506370544,-0.27750882506370544,-0.27750882506370544,-0.27750882506370544,-0.27750882506370544,-0.27750882506370544
-0.24768928,-0.6643757820129395,-0.5495400428771973,-0.6226984858512878,0.0852474495768547,-0.34021714329719543,-0.5762103199958801,-0.20229318737983704,0.13710159063339233,0.1796051561832428,-0.2914572060108185,-0.3314395844936371,-0.3475785553455353,-0.31878846883773804,0.1356675922870636,-0.2914572060108185,-0.2914572060108185,-0.2914572060108185,-0.2914572060108185,-0.2914572060108185,-0.2914572060108185,-0.2914572060108185
-0.2264906,-0.6922155618667603,-0.5640350580215454,-0.638355553150177,-0.13767334818840027,-0.21270202100276947,-0.38034266233444214,-0.13798591494560242,0.017499960958957672,0.20516180992126465,-0.2976455092430115,-0.3368634879589081,-0.3521656394004822,-0.3222585916519165,0.14107832312583923,-0.2976455092430115,-0.2976455092430115,-0.2976455092430115,-0.2976455092430115,-0.2976455092430115,-0.2976455092430115,-0.2976455092430115
-0.23301333,-0.6793508529663086,-0.5613051652908325,-0.6356666684150696,-0.1929851621389389,-0.4002637565135956,-0.19350245594978333,-0.1257435381412506,-0.019871786236763,0.23652683198451996,-0.2915288805961609,-0.3312912583351135,-0.3467295169830322,-0.31639736890792847,0.1451854407787323,-0.2915288805961609,-0.2915288805961609,-0.2915288805961609,-0.2915288805961609,-0.2915288805961609,-0.2915288805961609,-0.2915288805961609
-0.25339684,-0.6933844089508057,-0.5614619851112366,-0.6414147019386292,-0.24454963207244873,-0.3304791748523712,-0.2453566938638687,-0.1029643714427948,-0.04183092713356018,0.23380926251411438,-0.2845889925956726,-0.32374081015586853,-0.3401515483856201,-0.30735957622528076,0.142012357711792,-0.2845889925956726,-0.2845889925956726,-0.2845889925956726,-0.2845889925956726,-0.2845889925956726,-0.2845889925956726,-0.2845889925956726
-0.26725763,-0.7001395225524902,-0.569907009601593,-0.6539595723152161,-0.006067654117941856,-0.15087264776229858,-0.3691674470901489,-0.0342831015586853,-0.03149732947349548,0.2703353762626648,-0.282598078250885,-0.32216644287109375,-0.33878618478775024,-0.3044845461845398,0.14388012886047363,-0.282598078250885,-0.282598078250885,-0.282598078250885,-0.282598078250885,-0.282598078250885,-0.282598078250885,-0.282598078250885
-0.28437987,-0.6948801279067993,-0.5650027990341187,-0.6534618735313416,-0.08819570392370224,-0.22261062264442444,-0.4153931736946106,-0.08152401447296143,0.08357252180576324,0.27815404534339905,-0.2821118235588074,-0.32331016659736633,-0.3400120735168457,-0.3073941469192505,0.1449870467185974,-0.2821118235588074,-0.2821118235588074,-0.2821118235588074,-0.2821118235588074,-0.2821118235588074,-0.2821118235588074,-0.2821118235588074
-0.32596204,-0.697480320930481,-0.5568934082984924,-0.6443453431129456,0.11031563580036163,-0.398424357175827,-0.4125443696975708,-0.16325664520263672,0.16323301196098328,0.23186898231506348,-0.28821828961372375,-0.3295758068561554,-0.3459726572036743,-0.3155830502510071,0.1399325579404831,-0.28821828961372375,-0.28821828961372375,-0.28821828961372375,-0.28821828961372375,-0.28821828961372375,-0.28821828961372375,-0.28821828961372375
-0.25258145,-0.694880485534668,-0.5557912588119507,-0.6479395031929016,-0.3020588755607605,-0.6468575596809387,-0.32630324363708496,-0.16183948516845703,0.1556774079799652,0.23046711087226868,-0.3052394986152649,-0.346334308385849,-0.36153972148895264,-0.3325931429862976,0.1366625875234604,-0.3052394986152649,-0.3052394986152649,-0.3052394986152649,-0.3052394986152649,-0.3052394986152649,-0.3052394986152649,-0.3052394986152649
-0.26236552,-0.6617003679275513,-0.5400434732437134,-0.5956903100013733,-0.2342468798160553,-0.3844858705997467,-0.5308203101158142,-0.2373359501361847,0.11704611778259277,0.21231088042259216,-0.3104947805404663,-0.3516756594181061,-0.36500483751296997,-0.3418939709663391,0.1452181041240692,-0.3104947805404663,-0.3104947805404663,-0.3104947805404663,-0.3104947805404663,-0.3104947805404663,-0.3104947805404663,-0.3104947805404663
-0.29008716,-0.6425684094429016,-0.5237398743629456,-0.6059761643409729,-0.09779928624629974,-0.11726652085781097,-0.2906363308429718,-0.1824333667755127,0.033872105181217194,0.1988915652036667,-0.31216537952423096,-0.35201916098594666,-0.3665676712989807,-0.3406553864479065,0.1342276632785797,-0.31216537952423096,-0.31216537952423096,-0.31216537952423096,-0.31216537952423096,-0.31216537952423096,-0.31216537952423096,-0.31216537952423096
-0.30394796,-0.690176784992218,-0.5574843883514404,-0.6399320960044861,-0.08595195412635803,-0.5704218745231628,-0.40992408990859985,-0.05652421712875366,-0.02392767369747162,0.23819789290428162,-0.31996309757232666,-0.35691556334495544,-0.37003159523010254,-0.3393307328224182,0.1381007581949234,-0.31996309757232666,-0.31996309757232666,-0.31996309757232666,-0.31996309757232666,-0.31996309757232666,-0.31996309757232666,-0.31996309757232666
-0.31454745,-0.6656228303909302,-0.5632442235946655,-0.6597666144371033,-0.1886596381664276,-0.1909065693616867,-0.35081976652145386,-0.025803744792938232,0.01332893967628479,0.27809545397758484,-0.3166120648384094,-0.3589109480381012,-0.371550053358078,-0.34332704544067383,0.1518058478832245,-0.3166120648384094,-0.3166120648384094,-0.3166120648384094,-0.3166120648384094,-0.3166120648384094,-0.3166120648384094,-0.3166120648384094
-0.3308542,-0.6970027685165405,-0.5553857088088989,-0.6442636847496033,-0.19594429433345795,-0.11471244692802429,-0.7103245258331299,-0.17839863896369934,0.17233720421791077,0.22973494231700897,-0.31540048122406006,-0.35689595341682434,-0.37078094482421875,-0.3453335762023926,0.13907653093338013,-0.31540048122406006,-0.31540048122406006,-0.31540048122406006,-0.31540048122406006,-0.31540048122406006,-0.31540048122406006,-0.31540048122406006
-0.33166963,-0.6989991664886475,-0.5579098463058472,-0.6455149054527283,-0.090462327003479,-0.1301637589931488,-0.6743525862693787,-0.18689298629760742,0.1676274538040161,0.2242916375398636,-0.3297317624092102,-0.37023964524269104,-0.3828386664390564,-0.35917937755584717,0.13651365041732788,-0.3297317624092102,-0.3297317624092102,-0.3297317624092102,-0.3297317624092102,-0.3297317624092102,-0.3297317624092102,-0.3297317624092102
-0.36917502,-0.6989738941192627,-0.5623346567153931,-0.647522509098053,-0.4228312373161316,-0.8304134607315063,-0.19713981449604034,-0.1807398796081543,0.16191250085830688,0.2285471111536026,-0.34162259101867676,-0.3820357024669647,-0.3931612968444824,-0.37180060148239136,0.13954806327819824,-0.34162259101867676,-0.34162259101867676,-0.34162259101867676,-0.34162259101867676,-0.34162259101867676,-0.34162259101867676,-0.34162259101867676
-0.36917502,-0.708948016166687,-0.561783492565155,-0.6545024514198303,-0.51340651512146,-0.16630522906780243,-0.6385898590087891,-0.1707291305065155,0.1449502408504486,0.2340547740459442,-0.3540370464324951,-0.39403972029685974,-0.4048430621623993,-0.38416236639022827,0.13671594858169556,-0.3540370464324951,-0.3540370464324951,-0.3540370464324951,-0.3540370464324951,-0.3540370464324951,-0.3540370464324951,-0.3540370464324951
-0.37814397,-0.7070499062538147,-0.563578724861145,-0.6493075489997864,-0.10909758508205414,-0.19498702883720398,-0.1915784329175949,-0.16492030024528503,0.1492190957069397,0.23303747177124023,-0.36558693647384644,-0.40509721636772156,-0.4145960211753845,-0.3970048427581787,0.1400967836380005,-0.36558693647384644,-0.36558693647384644,-0.36558693647384644,-0.36558693647384644,-0.36558693647384644,-0.36558693647384644,-0.36558693647384644
-0.4140189,-0.695505678653717,-0.5565789937973022,-0.6481438279151917,-0.43613383173942566,-0.02678058110177517,-0.6508951783180237,-0.17348530888557434,0.16624987125396729,0.2284899353981018,-0.37476271390914917,-0.4144676625728607,-0.42387908697128296,-0.4089445471763611,0.1384270191192627,-0.37476271390914917,-0.37476271390914917,-0.37476271390914917,-0.37476271390914917,-0.37476271390914917,-0.37476271390914917,-0.37476271390914917
-0.41728026,-0.7089529037475586,-0.5619839429855347,-0.657073438167572,-0.2322472631931305,-0.4354708194732666,-0.35331404209136963,-0.17953142523765564,0.13368484377861023,0.22465349733829498,-0.3899391293525696,-0.4265330135822296,-0.43637728691101074,-0.42167603969573975,0.1335052251815796,-0.3899391293525696,-0.3899391293525696,-0.3899391293525696,-0.3899391293525696,-0.3899391293525696,-0.3899391293525696,-0.3899391293525696
-0.42054155,-0.7096713781356812,-0.5644769668579102,-0.6586809754371643,0.17012548446655273,0.13477982580661774,-0.8310378193855286,-0.14876800775527954,0.13228732347488403,0.24564066529273987,-0.4026968479156494,-0.4403057396411896,-0.44845372438430786,-0.4371699094772339,0.1410728394985199,-0.4026968479156494,-0.4026968479156494,-0.4026968479156494,-0.4026968479156494,-0.4026968479156494,-0.4026968479156494,-0.4026968479156494
-0.41809565,-0.6917344331741333,-0.5574905872344971,-0.6536707282066345,-0.26619651913642883,-0.42302849888801575,-0.540944516658783,-0.1837386190891266,0.16509395837783813,0.22376585006713867,-0.41061800718307495,-0.4470526874065399,-0.45604825019836426,-0.44759315252304077,0.13719777762889862,-0.41061800718307495,-0.41061800718307495,-0.41061800718307495,-0.41061800718307495,-0.41061800718307495,-0.41061800718307495,-0.41061800718307495
-0.4140189,-0.6860042810440063,-0.563771665096283,-0.6544063687324524,-0.22290490567684174,-0.19309598207473755,-0.41289880871772766,-0.19607970118522644,0.1439129114151001,0.2060079574584961,-0.4206438660621643,-0.4545421898365021,-0.4635099768638611,-0.45583027601242065,0.13513658940792084,-0.4206438660621643,-0.4206438660621643,-0.4206438660621643,-0.4206438660621643,-0.4206438660621643,-0.4206438660621643,-0.4206438660621643
-0.4246183,-0.6928420066833496,-0.5680279731750488,-0.6602224707603455,-0.35780102014541626,-0.6584949493408203,-0.14989039301872253,-0.17832955718040466,0.07929294556379318,0.2056739628314972,-0.4260544180870056,-0.46053776144981384,-0.46844345331192017,-0.46096354722976685,0.13946622610092163,-0.4260544180870056,-0.4260544180870056,-0.4260544180870056,-0.4260544180870056,-0.4260544180870056,-0.4260544180870056,-0.4260544180870056
-0.39526618,-0.7010220289230347,-0.5701608657836914,-0.6629752516746521,-0.4331238865852356,-0.08833813667297363,-0.4163794219493866,-0.14287588000297546,0.044653862714767456,0.23836955428123474,-0.4277147650718689,-0.4619043171405792,-0.46992719173431396,-0.4617977738380432,0.13875150680541992,-0.4277147650718689,-0.4277147650718689,-0.4277147650718689,-0.4277147650718689,-0.4277147650718689,-0.4277147650718689,-0.4277147650718689
-0.3928199,-0.6899402737617493,-0.5667986869812012,-0.6576574444770813,0.31224772334098816,-0.5070167779922485,-0.3148503601551056,-0.13004422187805176,0.038452357053756714,0.23304075002670288,-0.4247679114341736,-0.4596894085407257,-0.46684014797210693,-0.4596863389015198,0.1426500380039215,-0.4247679114341736,-0.4247679114341736,-0.4247679114341736,-0.4247679114341736,-0.4247679114341736,-0.4247679114341736,-0.4247679114341736
-0.37732857,-0.6859681010246277,-0.5629229545593262,-0.6582816243171692,-0.1314748078584671,-0.3935938775539398,-0.20796363055706024,-0.1357039511203766,-0.0014942437410354614,0.2128313034772873,-0.4201585054397583,-0.4550822675228119,-0.4629073739051819,-0.4543079137802124,0.13914278149604797,-0.4201585054397583,-0.4201585054397583,-0.4201585054397583,-0.4201585054397583,-0.4201585054397583,-0.4201585054397583,-0.4201585054397583
-0.44255593,-0.6992613077163696,-0.5687026977539062,-0.6576588749885559,-0.21977046132087708,-0.16592571139335632,-0.57997065782547,-0.10115787386894226,-0.015480458736419678,0.23123693466186523,-0.41550278663635254,-0.45004764199256897,-0.4572387933731079,-0.44665026664733887,0.14085066318511963,-0.41550278663635254,-0.41550278663635254,-0.41550278663635254,-0.41550278663635254,-0.41550278663635254,-0.41550278663635254,-0.41550278663635254
-0.4344024,-0.6991503238677979,-0.5701392889022827,-0.671725332736969,0.19427120685577393,-0.12997403740882874,-0.815877377986908,-0.03850235044956207,0.023066237568855286,0.28103986382484436,-0.41649001836776733,-0.4526223838329315,-0.46052515506744385,-0.44724613428115845,0.13975991308689117,-0.41649001836776733,-0.41649001836776733,-0.41649001836776733,-0.41649001836776733,-0.41649001836776733,-0.41649001836776733,-0.41649001836776733
-0.44010973,-0.7103312015533447,-0.5658807754516602,-0.6598110795021057,-0.07808373868465424,-0.8069772124290466,-0.39245015382766724,-0.10667437314987183,0.10868055373430252,0.2668825387954712,-0.4183984398841858,-0.45469871163368225,-0.4620380401611328,-0.4526395797729492,0.14406785368919373,-0.4183984398841858,-0.4183984398841858,-0.4183984398841858,-0.4183984398841858,-0.4183984398841858,-0.4183984398841858,-0.4183984398841858
-0.40912697,-0.6882957220077515,-0.550449788570404,-0.6526680588722229,-0.02401496283710003,-0.30944570899009705,-0.583216667175293,-0.1663273274898529,0.14882463216781616,0.24263054132461548,-0.4229685068130493,-0.45949122309684753,-0.4683142304420471,-0.46286189556121826,0.13843323290348053,-0.4229685068130493,-0.4229685068130493,-0.4229685068130493,-0.4229685068130493,-0.4229685068130493,-0.4229685068130493,-0.4229685068130493
-0.44174054,-0.6699603796005249,-0.5586258769035339,-0.6445615887641907,0.1158909797668457,0.19736507534980774,-0.5920497179031372,-0.228112131357193,0.08588919043540955,0.19233635067939758,-0.43099743127822876,-0.4627738893032074,-0.4717906713485718,-0.4671028256416321,0.13321229815483093,-0.43099743127822876,-0.43099743127822876,-0.43099743127822876,-0.43099743127822876,-0.43099743127822876,-0.43099743127822876,-0.43099743127822876
-0.42951024,-0.7024902105331421,-0.5666682720184326,-0.6671462655067444,-0.19034351408481598,-0.19934280216693878,-0.30357375741004944,-0.12153211236000061,-0.00584527850151062,0.23405927419662476,-0.43888336420059204,-0.47218021750450134,-0.4801856279373169,-0.47313326597213745,0.13740956783294678,-0.43888336420059204,-0.43888336420059204,-0.43888336420059204,-0.43888336420059204,-0.43888336420059204,-0.43888336420059204,-0.43888336420059204
-0.4450019,-0.7059345245361328,-0.5721359252929688,-0.6638594269752502,-0.11645840108394623,-0.430265873670578,-0.6678875088691711,-0.048127979040145874,0.014463305473327637,0.2551977038383484,-0.43809783458709717,-0.47146812081336975,-0.47849518060684204,-0.4718369245529175,0.14231550693511963,-0.43809783458709717,-0.43809783458709717,-0.43809783458709717,-0.43809783458709717,-0.43809783458709717,-0.43809783458709717,-0.43809783458709717
-0.47598484,-0.6945165395736694,-0.563572883605957,-0.6658229231834412,-0.14093126356601715,-0.14322996139526367,-0.4285446107387543,-0.1214655339717865,0.07360732555389404,0.2694452106952667,-0.43662792444229126,-0.47180578112602234,-0.4794734716415405,-0.473852276802063,0.1411181390285492,-0.43662792444229126,-0.43662792444229126,-0.43662792444229126,-0.43662792444229126,-0.43662792444229126,-0.43662792444229126,-0.43662792444229126
-0.49229166,-0.7114165425300598,-0.5677963495254517,-0.6625111699104309,-0.1845860332250595,-0.4994281232357025,-0.48419851064682007,-0.16497138142585754,0.13217127323150635,0.2320854663848877,-0.4441773295402527,-0.4762786328792572,-0.48495519161224365,-0.4792877435684204,0.134314626455307,-0.4441773295402527,-0.4441773295402527,-0.4441773295402527,-0.4441773295402527,-0.4441773295402527,-0.4441773295402527,-0.4441773295402527
-0.4898457,-0.7099215984344482,-0.5648986101150513,-0.6660225987434387,-0.450381338596344,-0.5845267176628113,-0.30544203519821167,-0.12478625774383545,0.14244528114795685,0.2671903967857361,-0.45479828119277954,-0.4884098470211029,-0.4959832429885864,-0.4934532046318054,0.14054089784622192,-0.45479828119277954,-0.45479828119277954,-0.45479828119277954,-0.45479828119277954,-0.45479828119277954,-0.45479828119277954,-0.45479828119277954
-0.48576894,-0.6945043206214905,-0.5572783350944519,-0.6578320860862732,-0.03790433332324028,-0.32151272892951965,-0.3057481050491333,-0.19267943501472473,0.16179253160953522,0.24028193950653076,-0.4626350998878479,-0.4945569932460785,-0.5028769969940186,-0.5039946436882019,0.13639245927333832,-0.4626350998878479,-0.4626350998878479,-0.4626350998878479,-0.4626350998878479,-0.4626350998878479,-0.4626350998878479,-0.4626350998878479
-0.49229166,-0.6834703087806702,-0.559700608253479,-0.656909167766571,0.11368714272975922,-1.1987863779067993,-0.4481925368309021,-0.20252308249473572,0.13509170711040497,0.2185252457857132,-0.4727163314819336,-0.5026215314865112,-0.5108582377433777,-0.5134401917457581,0.13412213325500488,-0.4727163314819336,-0.4727163314819336,-0.4727163314819336,-0.4727163314819336,-0.4727163314819336,-0.4727163314819336,-0.4727163314819336
-0.52245927,-0.6940919160842896,-0.5677086710929871,-0.665320098400116,-0.20122747123241425,-0.38293150067329407,-0.7882029414176941,-0.18748104572296143,0.10161234438419342,0.2180285006761551,-0.4803429841995239,-0.5096646547317505,-0.5172245502471924,-0.5194863677024841,0.13619260489940643,-0.4803429841995239,-0.4803429841995239,-0.4803429841995239,-0.4803429841995239,-0.4803429841995239,-0.4803429841995239,-0.4803429841995239
-0.52653605,-0.7098575830459595,-0.571858286857605,-0.6716474890708923,-0.2163146287202835,-0.3755659759044647,-0.196177139878273,-0.09178690612316132,0.08825928717851639,0.2644042372703552,-0.4857589602470398,-0.5158563852310181,-0.5232041478157043,-0.525148868560791,0.1377328336238861,-0.4857589602470398,-0.4857589602470398,-0.4857589602470398,-0.4857589602470398,-0.4857589602470398,-0.4857589602470398,-0.4857589602470398
-0.5330587,-0.7062697410583496,-0.5658175945281982,-0.66825932264328,-0.0597803108394146,-0.5085256695747375,-0.4452087879180908,-0.13967052102088928,0.14187288284301758,0.26252490282058716,-0.48996150493621826,-0.5205764770507812,-0.5277337431907654,-0.5322075486183167,0.13984903693199158,-0.48996150493621826,-0.48996150493621826,-0.48996150493621826,-0.48996150493621826,-0.48996150493621826,-0.48996150493621826,-0.48996150493621826
-0.52572054,-0.6957857608795166,-0.5589683055877686,-0.6639968752861023,-0.27474406361579895,-0.3525558412075043,-0.6744077205657959,-0.18524888157844543,0.15903989970684052,0.24284638464450836,-0.49568748474121094,-0.5257014036178589,-0.5335934162139893,-0.5405098795890808,0.13602080941200256,-0.49568748474121094,-0.49568748474121094,-0.49568748474121094,-0.49568748474121094,-0.6957857608795166,-0.49568748474121094,-0.49568748474121094
-0.5297973,-0.6882129907608032,-0.5624719858169556,-0.662380039691925,-0.4443444609642029,-0.3764022886753082,-0.2513066530227661,-0.21727651357650757,0.13160952925682068,0.22244085371494293,-0.5022611021995544,-0.5313745737075806,-0.5392792820930481,-0.54738849401474,0.1347261667251587,-0.5022611021995544,-0.5022611021995544,-0.5022611021995544,-0.5022611021995544,-0.6882129907608032,-0.5022611021995544,-0.5022611021995544
-0.5045216,-0.6928348541259766,-0.5656192302703857,-0.6689158082008362,-0.15145650506019592,-0.3608517348766327,-0.9745602011680603,-0.19694271683692932,0.09803842008113861,0.2193671464920044,-0.5067316889762878,-0.5365699529647827,-0.5440743565559387,-0.5521795153617859,0.1369326412677765,-0.5067316889762878,-0.5067316889762878,-0.5067316889762878,-0.5067316889762878,-0.6928348541259766,-0.5067316889762878,-0.5067316889762878
-0.5110444,-0.6880550384521484,-0.565209150314331,-0.6668780446052551,-0.19910719990730286,-0.1640460044145584,-0.40522336959838867,-0.15035971999168396,0.010759644210338593,0.21174655854701996,-0.505258321762085,-0.5348718166351318,-0.5418601632118225,-0.550162136554718,0.13947859406471252,-0.505258321762085,-0.505258321762085,-0.505258321762085,-0.505258321762085,-0.6880550384521484,-0.505258321762085,-0.505258321762085
-0.5436582,-0.6880186796188354,-0.5652221441268921,-0.6704505085945129,0.06417318433523178,-0.40534019470214844,-0.5732242465019226,-0.10558244585990906,-0.03358644247055054,0.21394649147987366,-0.5025942921638489,-0.532392144203186,-0.5396518707275391,-0.546262800693512,0.13790255784988403,-0.5025942921638489,-0.5025942921638489,-0.5025942921638489,-0.5025942921638489,-0.6880186796188354,-0.5025942921638489,-0.5025942921638489
-0.54202735,-0.7101268768310547,-0.5731669664382935,-0.6734138131141663,-0.34081780910491943,-0.2737525403499603,-0.20229338109493256,-0.04718518257141113,0.02760426700115204,0.25957050919532776,-0.5037681460380554,-0.5337145328521729,-0.5410217046737671,-0.5457599759101868,0.13726478815078735,-0.5037681460380554,-0.5037681460380554,-0.5037681460380554,-0.5037681460380554,-0.7101268768310547,-0.5037681460380554,-0.5037681460380554
-0.54447335,-0.7005729675292969,-0.5666049718856812,-0.6718254685401917,-0.21526505053043365,-0.6180835962295532,-0.3222280740737915,-0.07642978429794312,0.09601794928312302,0.2821744978427887,-0.5049917101860046,-0.536148190498352,-0.5428104400634766,-0.5501413941383362,0.14291653037071228,-0.5049917101860046,-0.5049917101860046,-0.5049917101860046,-0.5049917101860046,-0.7005729675292969,-0.5049917101860046,-0.5049917101860046
-0.55670357,-0.6914070844650269,-0.5577080845832825,-0.6642464995384216,-0.39272671937942505,-0.41357842087745667,-0.5989176034927368,-0.19090807437896729,0.15461748838424683,0.2368186116218567,-0.5070581436157227,-0.5370701551437378,-0.5450016260147095,-0.5545815825462341,0.13569003343582153,-0.5070581436157227,-0.5070581436157227,-0.5070581436157227,-0.5070581436157227,-0.6914070844650269,-0.5070581436157227,-0.5070581436157227
-0.5827944,-0.6940739750862122,-0.5649621486663818,-0.6657958626747131,0.187103733420372,-0.43223750591278076,-0.43102556467056274,-0.20218297839164734,0.13960596919059753,0.22828765213489532,-0.514647364616394,-0.5440759658813477,-0.5521968603134155,-0.5619584918022156,0.1330312192440033,-0.514647364616394,-0.514647364616394,-0.514647364616394,-0.514647364616394,-0.6940739750862122,-0.514647364616394,-0.514647364616394
-0.57708716,-0.7064152956008911,-0.5689277052879333,-0.6729148030281067,-0.05923176929354668,-0.22571514546871185,-0.5725372433662415,-0.13359078764915466,0.13277927041053772,0.25924864411354065,-0.5227591395378113,-0.5537084341049194,-0.5612200498580933,-0.5716090798377991,0.13695773482322693,-0.5227591395378113,-0.5227591395378113,-0.5227591395378113,-0.5227591395378113,-0.7064152956008911,-0.5227591395378113,-0.5612200498580933
-0.5982858,-0.6997985243797302,-0.5630478858947754,-0.6686554551124573,-0.3551507592201233,-0.08494105190038681,-0.4063214063644409,-0.17412510514259338,0.1485569179058075,0.25170788168907166,-0.5272226929664612,-0.5582648515701294,-0.5656037926673889,-0.578788697719574,0.1382870376110077,-0.5272226929664612,-0.5272226929664612,-0.5272226929664612,-0.5272226929664612,-0.6997985243797302,-0.5272226929664612,-0.5656037926673889
-0.57708716,-0.6961108446121216,-0.5604307651519775,-0.6682066321372986,-0.05310409143567085,-0.525805652141571,-0.5777958631515503,-0.18734699487686157,0.1547350287437439,0.23539039492607117,-0.533990204334259,-0.5648125410079956,-0.5729377865791321,-0.5873381495475769,0.1332930475473404,-0.533990204334259,-0.533990204334259,-0.533990204334259,-0.533990204334259,-0.6961108446121216,-0.533990204334259,-0.5729377865791321
-0.5876863,-0.6910476684570312,-0.5639759302139282,-0.6667006611824036,0.0859890729188919,-0.0363021120429039,-0.38273918628692627,-0.2113145887851715,0.11561304330825806,0.22301176190376282,-0.5394927859306335,-0.5700669288635254,-0.5774509906768799,-0.593515932559967,0.13629671931266785,-0.5394927859306335,-0.5394927859306335,-0.5394927859306335,-0.5394927859306335,-0.6910476684570312,-0.5394927859306335,-0.5774509906768799
-0.5933939,-0.6898167133331299,-0.5616580247879028,-0.6711629033088684,-0.37139543890953064,-0.16544437408447266,-0.2971421480178833,-0.1639564335346222,0.050769343972206116,0.22706423699855804,-0.5423315763473511,-0.5736364126205444,-0.5811574459075928,-0.5970550179481506,0.13588440418243408,-0.5423315763473511,-0.5423315763473511,-0.5423315763473511,-0.5423315763473511,-0.6898167133331299,-0.5423315763473511,-0.5811574459075928
-0.59747064,-0.7006557583808899,-0.5692242383956909,-0.6716213822364807,-0.10282577574253082,-0.08344979584217072,-0.6620349287986755,-0.12539628148078918,0.06887540966272354,0.22866201400756836,-0.5445716977119446,-0.5753984451293945,-0.582796037197113,-0.598022997379303,0.13554522395133972,-0.6716213822364807,-0.5445716977119446,-0.5445716977119446,-0.5445716977119446,-0.7006557583808899,-0.5445716977119446,-0.582796037197113
-0.58605576,-0.6933313608169556,-0.566533088684082,-0.6743243336677551,-0.23158244788646698,-0.4964846074581146,-0.30595695972442627,-0.08241534233093262,0.06691084802150726,0.2753758430480957,-0.5458998084068298,-0.5781199932098389,-0.584969699382782,-0.6010726094245911,0.13986161351203918,-0.6743243336677551,-0.5458998084068298,-0.5458998084068298,-0.5458998084068298,-0.6933313608169556,-0.5458998084068298,-0.584969699382782
-0.5827944,-0.6891893148422241,-0.56345534324646,-0.6693122982978821,0.042980093508958817,-0.45286691188812256,-0.6550354957580566,-0.21514728665351868,0.12059012055397034,0.21844199299812317,-0.5452656149864197,-0.5764002799987793,-0.5837093591690063,-0.6008002161979675,0.1365518420934677,-0.6693122982978821,-0.5452656149864197,-0.5452656149864197,-0.5452656149864197,-0.6891893148422241,-0.5452656149864197,-0.5837093591690063
-0.5925785,-0.6875380277633667,-0.5640401244163513,-0.6707876324653625,-0.3488282263278961,-0.16141392290592194,-0.16018162667751312,-0.17609193921089172,0.011359348893165588,0.20020565390586853,-0.5460501909255981,-0.5771392583847046,-0.584467887878418,-0.6011642813682556,0.13621114194393158,-0.6707876324653625,-0.5460501909255981,-0.5460501909255981,-0.5460501909255981,-0.6875380277633667,-0.5460501909255981,-0.584467887878418
-0.5942093,-0.6985321044921875,-0.5686320662498474,-0.6735401749610901,-0.22509054839611053,-0.18661251664161682,-0.6200341582298279,-0.055908769369125366,-0.028157487511634827,0.23751838505268097,-0.546592652797699,-0.5778746604919434,-0.5850822329521179,-0.6006177067756653,0.1366596519947052,-0.6735401749610901,-0.546592652797699,-0.546592652797699,-0.546592652797699,-0.6985321044921875,-0.546592652797699,-0.5850822329521179
-0.60480845,-0.6952234506607056,-0.5686190128326416,-0.6743670105934143,-0.11276501417160034,-0.912409245967865,-0.35499173402786255,-0.03953251242637634,0.028808310627937317,0.26826605200767517,-0.5462465882301331,-0.5781879425048828,-0.5850006937980652,-0.6008442044258118,0.1394350677728653,-0.6743670105934143,-0.5462465882301331,-0.5462465882301331,-0.5462465882301331,-0.6952234506607056,-0.5462465882301331,-0.5850006937980652
-0.6170388,-0.6967201232910156,-0.5660843849182129,-0.6726918816566467,-0.23270878195762634,-0.03286033123731613,-0.32773059606552124,-0.17438262701034546,0.14584356546401978,0.24201607704162598,-0.5468654036521912,-0.5786243677139282,-0.5859169363975525,-0.6023693680763245,0.13682827353477478,-0.6726918816566467,-0.5468654036521912,-0.5468654036521912,-0.5468654036521912,-0.6967201232910156,-0.5468654036521912,-0.5859169363975525
-0.6268229,-0.6985211372375488,-0.5667667388916016,-0.6720259785652161,-0.12062390893697739,-0.22887185215950012,-0.2381415218114853,-0.1735391914844513,0.14812350273132324,0.23024071753025055,-0.5508254170417786,-0.5824304819107056,-0.589940071105957,-0.6071082949638367,0.13553515076637268,-0.6720259785652161,-0.5508254170417786,-0.5508254170417786,-0.6985211372375488,-0.6985211372375488,-0.5508254170417786,-0.589940071105957
-0.6203001,-0.698927104473114,-0.5651243925094604,-0.6723461747169495,-0.5860410928726196,-0.5163524150848389,-0.7093291878700256,-0.1749158799648285,0.1549496054649353,0.2391020655632019,-0.5559013485908508,-0.5878888368606567,-0.5954146385192871,-0.6139984726905823,0.13634571433067322,-0.6723461747169495,-0.5559013485908508,-0.5559013485908508,-0.698927104473114,-0.698927104473114,-0.5559013485908508,-0.5954146385192871
-0.6455756,-0.6921507716178894,-0.5622650980949402,-0.6699599623680115,0.15454156696796417,-0.5565027594566345,-0.5192866921424866,-0.20413938164710999,0.14916492998600006,0.22532965242862701,-0.5597459673881531,-0.5912501811981201,-0.5990355014801025,-0.6193428635597229,0.1358272135257721,-0.6699599623680115,-0.5597459673881531,-0.5597459673881531,-0.5597459673881531,-0.6921507716178894,-0.5597459673881531,-0.5990355014801025
-0.6366069,-0.6964435577392578,-0.5649953484535217,-0.6725030541419983,-0.2276478409767151,-0.5179581046104431,-0.5305314660072327,-0.19864526391029358,0.13438262045383453,0.21998058259487152,-0.5656306147575378,-0.5970828533172607,-0.6054613590240479,-0.6257053017616272,0.1330280900001526,-0.6964435577392578,-0.5656306147575378,-0.5970828533172607,-0.6964435577392578,-0.6964435577392578,-0.5656306147575378,-0.6054613590240479
-0.64394504,-0.6972025036811829,-0.5665162801742554,-0.6723902821540833,-0.09617790579795837,-0.1372513473033905,-0.310729444026947,-0.15087047219276428,0.1204664558172226,0.24227085709571838,-0.5699923634529114,-0.6016900539398193,-0.6094672679901123,-0.6311913132667542,0.13729780912399292,-0.6972025036811829,-0.5699923634529114,-0.6016900539398193,-0.5699923634529114,-0.6972025036811829,-0.5699923634529114,-0.6094672679901123
-0.66595906,-0.691076397895813,-0.5613892078399658,-0.6730319857597351,-0.0908644050359726,-0.599450409412384,-0.4718132019042969,-0.1825215220451355,0.13635243475437164,0.25237131118774414,-0.5725166201591492,-0.6043943166732788,-0.6126204133033752,-0.6353307366371155,0.13575413823127747,-0.691076397895813,-0.5725166201591492,-0.6043943166732788,-0.691076397895813,-0.691076397895813,-0.5725166201591492,-0.6126204133033752
-0.67574316,-0.6995205879211426,-0.567500114440918,-0.6732690930366516,0.014333868399262428,-0.11660993099212646,-0.3808876574039459,-0.17748981714248657,0.12702322006225586,0.23852238059043884,-0.5777587890625,-0.6090061664581299,-0.6176713109016418,-0.6401684880256653,0.13250860571861267,-0.6995205879211426,-0.5777587890625,-0.6090061664581299,-0.6995205879211426,-0.6995205879211426,-0.5777587890625,-0.6176713109016418
-0.67981994,-0.6985141038894653,-0.566332221031189,-0.675559937953949,0.07145387679338455,-0.718456506729126,-0.5147261619567871,-0.12412160634994507,0.135872021317482,0.2732374668121338,-0.583495557308197,-0.6159366369247437,-0.6240822672843933,-0.6483342051506042,0.13767901062965393,-0.6985141038894653,-0.583495557308197,-0.6159366369247437,-0.6985141038894653,-0.6985141038894653,-0.583495557308197,-0.6240822672843933
-0.6879734,-0.6941664218902588,-0.560969352722168,-0.6727505326271057,-0.026267310604453087,-0.35476431250572205,-0.2857844829559326,-0.1898980438709259,0.15867872536182404,0.2760392725467682,-0.5877180695533752,-0.6193647384643555,-0.6282744407653809,-0.6547639966011047,0.13450956344604492,-0.6727505326271057,-0.5877180695533752,-0.6193647384643555,-0.6941664218902588,-0.6941664218902588,-0.5877180695533752,-0.6282744407653809
-0.67655855,-0.6915807127952576,-0.5630749464035034,-0.6725924611091614,-0.25998589396476746,-0.4885018765926361,-0.8230785727500916,-0.19579258561134338,0.15314510464668274,0.2690315246582031,-0.5942146182060242,-0.6247948408126831,-0.6345726847648621,-0.6621999144554138,0.13240951299667358,-0.6725924611091614,-0.5942146182060242,-0.6247948408126831,-0.6915807127952576,-0.6915807127952576,-0.5942146182060242,-0.6345726847648621
-0.6716667,-0.6896722316741943,-0.5640491247177124,-0.6733271479606628,-0.8875308632850647,-0.0958174467086792,-0.7770773768424988,-0.20197078585624695,0.12769165635108948,0.2597675621509552,-0.5983560681343079,-0.6283901929855347,-0.6384450197219849,-0.6672433018684387,0.1356169432401657,-0.6733271479606628,-0.5983560681343079,-0.6283901929855347,-0.6896722316741943,-0.6896722316741943,-0.5983560681343079,-0.6384450197219849
-0.6830812,-0.6862655878067017,-0.5632921457290649,-0.6737523674964905,0.05875513330101967,-0.44513529539108276,-0.12491638958454132,-0.1845148503780365,0.027974724769592285,0.20762422680854797,-0.5990880727767944,-0.6287548542022705,-0.6391345262527466,-0.6678715348243713,0.1350715458393097,-0.6737523674964905,-0.5990880727767944,-0.6287548542022705,-0.6862655878067017,-0.6862655878067017,-0.5990880727767944,-0.6391345262527466
-0.6529137,-0.6959661245346069,-0.5677840709686279,-0.6756680607795715,0.09081199020147324,-0.5128201842308044,-0.7935007214546204,-0.08746391534805298,-0.015252485871315002,0.22055953741073608,-0.5999692678451538,-0.6294561624526978,-0.6400696039199829,-0.6675993800163269,0.1346442997455597,-0.6756680607795715,-0.5999692678451538,-0.6294561624526978,-0.6959661245346069,-0.6959661245346069,-0.5999692678451538,-0.6400696039199829
-0.67248183,-0.6865789890289307,-0.564920961856842,-0.6742146611213684,-0.30732667446136475,-0.38396763801574707,-0.5147055983543396,-0.12610778212547302,0.011289924383163452,0.21466785669326782,-0.5970543026924133,-0.6270760297775269,-0.6367669105529785,-0.66501384973526,0.14027900993824005,-0.6742146611213684,-0.5970543026924133,-0.6270760297775269,-0.6865789890289307,-0.6865789890289307,-0.5970543026924133,-0.6367669105529785
-0.6781894,-0.6871365904808044,-0.563302755355835,-0.6749771237373352,-0.5859940052032471,-0.29438716173171997,-0.2512871325016022,-0.11505863070487976,-0.010146006941795349,0.21759214997291565,-0.5946547389030457,-0.6248779296875,-0.634924054145813,-0.6615787148475647,0.1340879201889038,-0.6749771237373352,-0.5946547389030457,-0.6248779296875,-0.6871365904808044,-0.6871365904808044,-0.5946547389030457,-0.634924054145813
-0.6781894,-0.7014702558517456,-0.569938600063324,-0.6757089495658875,-0.22669975459575653,0.032006651163101196,-0.6685055494308472,-0.05245184898376465,0.024074405431747437,0.22836750745773315,-0.5953835844993591,-0.6254477500915527,-0.6352660059928894,-0.6611624360084534,0.13644099235534668,-0.7014702558517456,-0.5953835844993591,-0.6254477500915527,-0.7014702558517456,-0.7014702558517456,-0.5953835844993591,-0.6352660059928894
-0.66514367,-0.6889146566390991,-0.5636959671974182,-0.6763463616371155,-0.05685864016413689,-0.36241504549980164,-0.693519651889801,-0.11037909984588623,0.060722991824150085,0.26322028040885925,-0.5948381423950195,-0.6266467571258545,-0.6356005668640137,-0.6628990769386292,0.1397658884525299,-0.6889146566390991,-0.5948381423950195,-0.6266467571258545,-0.6889146566390991,-0.6889146566390991,-0.5948381423950195,-0.6356005668640137
-0.674928,-0.6854544878005981,-0.5625351667404175,-0.6715927720069885,-0.9185774326324463,-0.07897235453128815,-1.0173962116241455,-0.21290180087089539,0.10827402770519257,0.24448692798614502,-0.5940818786621094,-0.6241706609725952,-0.633882462978363,-0.6620271801948547,0.13407620787620544,-0.6715927720069885,-0.5940818786621094,-0.6241706609725952,-0.6854544878005981,-0.6854544878005981,-0.5940818786621094,-0.633882462978363
-0.674928,-0.6909353733062744,-0.5656934380531311,-0.6748751997947693,-0.4090021252632141,-0.8317585587501526,-0.5811233520507812,-0.13646110892295837,-0.00018002092838287354,0.20944710075855255,-0.5963643789291382,-0.6262764930725098,-0.6364549994468689,-0.6636611819267273,0.13433730602264404,-0.6748751997947693,-0.5963643789291382,-0.6262764930725098,-0.6909353733062744,-0.6909353733062744,-0.5963643789291382,-0.6364549994468689
-0.67655855,-0.6961920261383057,-0.5686063766479492,-0.6759679913520813,-0.22885040938854218,-0.4507961571216583,-0.3715769052505493,-0.03559260070323944,-0.0007375478744506836,0.22943106293678284,-0.5966657996177673,-0.6268666982650757,-0.6367142200469971,-0.6636591553688049,0.13718360662460327,-0.6759679913520813,-0.5966657996177673,-0.6268666982650757,-0.6961920261383057,-0.6961920261383057,-0.5966657996177673,-0.6367142200469971
-0.67248183,-0.6895974278450012,-0.5655015707015991,-0.6758065819740295,0.19354145228862762,-0.403321236371994,-1.052072286605835,-0.11578616499900818,0.0661410242319107,0.26297280192375183,-0.5959246158599854,-0.6268287897109985,-0.6363551616668701,-0.6638076901435852,0.13749352097511292,-0.6758065819740295,-0.5959246158599854,-0.6268287897109985,-0.6895974278450012,-0.6895974278450012,-0.5959246158599854,-0.6363551616668701
-0.6643285,-0.6900079250335693,-0.5653830766677856,-0.6739432215690613,-0.13452358543872833,-0.14095395803451538,-0.5617701411247253,-0.19905158877372742,0.11602485179901123,0.24931088089942932,-0.595865786075592,-0.6259974241256714,-0.6358681917190552,-0.6636129021644592,0.13517628610134125,-0.6739432215690613,-0.595865786075592,-0.6259974241256714,-0.6900079250335693,-0.6900079250335693,-0.595865786075592,-0.6358681917190552
-0.66514367,-0.6880536675453186,-0.5649442672729492,-0.6744012236595154,-0.3159927427768707,-0.651204526424408,-0.19602136313915253,-0.14394915103912354,0.0006541013717651367,0.20247632265090942,-0.5958142280578613,-0.6258773803710938,-0.6357426643371582,-0.6634531617164612,0.1364973932504654,-0.6744012236595154,-0.5958142280578613,-0.6258773803710938,-0.6880536675453186,-0.6880536675453186,-0.5958142280578613,-0.6357426643371582
-0.6635131,-0.6912232041358948,-0.566136360168457,-0.6749740242958069,-0.17280414700508118,-0.2825387716293335,-0.352814257144928,-0.10445639491081238,-0.03753833472728729,0.19969521462917328,-0.594714343547821,-0.6247220039367676,-0.634613573551178,-0.6614921689033508,0.13586388528347015,-0.6749740242958069,-0.594714343547821,-0.6247220039367676,-0.6912232041358948,-0.6912232041358948,-0.594714343547821,-0.634613573551178
-0.6716667,-0.6923326253890991,-0.5674311518669128,-0.6756868958473206,0.13120360672473907,-0.6567690968513489,-0.47660940885543823,-0.05824154615402222,-0.04178251326084137,0.2071489691734314,-0.5932950377464294,-0.6236978769302368,-0.6332107782363892,-0.6595427393913269,0.13736921548843384,-0.6756868958473206,-0.5932950377464294,-0.6236978769302368,-0.6923326253890991,-0.6923326253890991,-0.5932950377464294,-0.6332107782363892
-0.6675899,-0.691626787185669,-0.5674335956573486,-0.6761425137519836,-0.0949876680970192,-0.6446486115455627,-0.31244516372680664,-0.07009783387184143,0.0111321359872818,0.2438179850578308,-0.5922913551330566,-0.623275637626648,-0.6325380206108093,-0.6585952639579773,0.13686007261276245,-0.6761425137519836,-0.5922913551330566,-0.623275637626648,-0.691626787185669,-0.691626787185669,-0.5922913551330566,-0.6325380206108093
-0.66025174,-0.693020224571228,-0.5666803121566772,-0.6748281121253967,-0.07468722015619278,-0.3961593210697174,-0.46004611253738403,-0.1385924220085144,0.10288327187299728,0.2520475387573242,-0.5919680595397949,-0.6228610277175903,-0.6320080757141113,-0.6585727334022522,0.13684332370758057,-0.6748281121253967,-0.5919680595397949,-0.6228610277175903,-0.693020224571228,-0.693020224571228,-0.5919680595397949,-0.6320080757141113
-0.6814507,-0.6881365776062012,-0.5639744997024536,-0.6739823222160339,-0.20586051046848297,-0.28908881545066833,-0.454545795917511,-0.17855411767959595,0.04970706254243851,0.2183721661567688,-0.5915341973304749,-0.6223068237304688,-0.6315135955810547,-0.658470094203949,0.13647840917110443,-0.6739823222160339,-0.5915341973304749,-0.6223068237304688,-0.6881365776062012,-0.6881365776062012,-0.5915341973304749,-0.6315135955810547
-0.68063533,-0.6963762640953064,-0.5677059888839722,-0.6755157113075256,-0.267253041267395,-0.5759957432746887,-0.5887742638587952,-0.14273324608802795,0.06206326186656952,0.2405935823917389,-0.5932819247245789,-0.6237903833389282,-0.6335243582725525,-0.6594641804695129,0.1337837278842926,-0.6755157113075256,-0.5932819247245789,-0.6237903833389282,-0.6963762640953064,-0.6963762640953064,-0.5932819247245789,-0.6335243582725525
-0.66025174,-0.6968916654586792,-0.568339467048645,-0.6759011149406433,0.0772637277841568,-0.3376624286174774,-0.1889590620994568,-0.07589253783226013,0.08699242770671844,0.24888046085834503,-0.595136821269989,-0.626105546951294,-0.6354469656944275,-0.6622557044029236,0.138004332780838,-0.6759011149406433,-0.595136821269989,-0.626105546951294,-0.6968916654586792,-0.6968916654586792,-0.595136821269989,-0.6354469656944275
-0.6635131,-0.6850742101669312,-0.5603675842285156,-0.6726308465003967,-0.15602754056453705,-0.16056978702545166,-0.4417874217033386,-0.18713542819023132,0.08526240289211273,0.2358480542898178,-0.5939438939094543,-0.6247987747192383,-0.6340541839599609,-0.6625185608863831,0.13752442598342896,-0.6726308465003967,-0.5939438939094543,-0.6247987747192383,-0.6850742101669312,-0.6850742101669312,-0.5939438939094543,-0.6340541839599609
-0.67900455,-0.6851934194564819,-0.562818169593811,-0.6722995638847351,-0.015223687514662743,-0.284591406583786,-0.6291019916534424,-0.18585973978042603,0.021489381790161133,0.2143685221672058,-0.5941968560218811,-0.6236526966094971,-0.633877694606781,-0.661116898059845,0.1323903501033783,-0.6722995638847351,-0.5941968560218811,-0.6236526966094971,-0.6851934194564819,-0.6851934194564819,-0.5941968560218811,-0.633877694606781
-0.687158,-0.6992756128311157,-0.5696285367012024,-0.6768596768379211,-0.08307977020740509,-0.31518030166625977,-0.5500051379203796,-0.02966892719268799,-0.022475555539131165,0.22154301404953003,-0.5958601832389832,-0.6260242462158203,-0.6359634399414062,-0.6617442965507507,0.1364709436893463,-0.6768596768379211,-0.5958601832389832,-0.6260242462158203,-0.6992756128311157,-0.6992756128311157,-0.5958601832389832,-0.6359634399414062
-0.6863426,-0.694161057472229,-0.5676046013832092,-0.6771243214607239,-0.14174020290374756,-0.47349464893341064,-0.5490065217018127,-0.06843626499176025,0.07859237492084503,0.25909385085105896,-0.5956381559371948,-0.6271871328353882,-0.6363610029220581,-0.6630404591560364,0.13901245594024658,-0.694161057472229,-0.5956381559371948,-0.6271871328353882,-0.694161057472229,-0.694161057472229,-0.5956381559371948,-0.6363610029220581
-0.70183426,-0.6929135322570801,-0.5628889799118042,-0.6737945675849915,-0.27397429943084717,-0.18184207379817963,-0.4967495799064636,-0.1922498643398285,0.156683087348938,0.2756768763065338,-0.5966302156448364,-0.6275509595870972,-0.6371541023254395,-0.6655240654945374,0.1353955864906311,-0.6737945675849915,-0.5966302156448364,-0.6275509595870972,-0.6929135322570801,-0.6929135322570801,-0.5966302156448364,-0.6371541023254395
-0.6961267,-0.6927276849746704,-0.5646976232528687,-0.6741848587989807,-0.31865963339805603,-0.5227059721946716,-0.41173669695854187,-0.19778195023536682,0.14331093430519104,0.26720619201660156,-0.6015746593475342,-0.6316789388656616,-0.6421633958816528,-0.6710243821144104,0.13258104026317596,-0.6741848587989807,-0.6015746593475342,-0.6316789388656616,-0.6927276849746704,-0.6927276849746704,-0.6015746593475342,-0.6421633958816528
-0.7067262,-0.6992844939231873,-0.5659285187721252,-0.6745968461036682,-0.26917776465415955,-0.7800479531288147,-0.4821333885192871,-0.17309340834617615,0.11551609635353088,0.2681017518043518,-0.6056057810783386,-0.6351219415664673,-0.6459816694259644,-0.6760390400886536,0.13581955432891846,-0.6992844939231873,-0.6056057810783386,-0.6351219415664673,-0.6992844939231873,-0.6992844939231873,-0.6056057810783386,-0.6459816694259644
-0.71161836,-0.6951233148574829,-0.5640906691551208,-0.6752226948738098,0.025976279750466347,-0.09735633432865143,-0.31354162096977234,-0.18858984112739563,0.12003596872091293,0.27010637521743774,-0.6083430051803589,-0.6379439830780029,-0.6490983963012695,-0.6797323822975159,0.13445568084716797,-0.6951233148574829,-0.6083430051803589,-0.6379439830780029,-0.6951233148574829,-0.6951233148574829,-0.6083430051803589,-0.6490983963012695
-0.72466373,-0.7013894319534302,-0.5670288801193237,-0.6750951409339905,-0.3202723264694214,-0.5885785222053528,-0.33539897203445435,-0.17238876223564148,0.10489973425865173,0.26190605759620667,-0.6116339564323425,-0.6404070854187012,-0.652061939239502,-0.6831632256507874,0.134044349193573,-0.7013894319534302,-0.6116339564323425,-0.6404070854187012,-0.7013894319534302,-0.7013894319534302,-0.6116339564323425,-0.652061939239502
-0.73037106,-0.7021627426147461,-0.5662100315093994,-0.6764906048774719,-0.07586706429719925,-0.7106403112411499,-0.46177220344543457,-0.1579110026359558,0.1188284307718277,0.27114033699035645,-0.6152761578559875,-0.6444956064224243,-0.6562047004699707,-0.6882050633430481,0.1354389190673828,-0.7021627426147461,-0.6152761578559875,-0.6444956064224243,-0.7021627426147461,-0.7021627426147461,-0.6152761578559875,-0.6562047004699707
-0.7262942,-0.7029858827590942,-0.5654605627059937,-0.6751757264137268,-0.5720659494400024,-0.15663081407546997,-0.3343951106071472,-0.18233194947242737,0.11956465244293213,0.27109888195991516,-0.6188264489173889,-0.6473417282104492,-0.6594976186752319,-0.6928394436836243,0.1340942531824112,-0.7029858827590942,-0.6188264489173889,-0.6473417282104492,-0.7029858827590942,-0.7029858827590942,-0.6188264489173889,-0.6594976186752319
-0.7279251,-0.6969964504241943,-0.5632345080375671,-0.6746500134468079,-0.23403170704841614,-0.18523851037025452,-0.24930517375469208,-0.19558417797088623,0.11588237434625626,0.2745562791824341,-0.6223305463790894,-0.6502420902252197,-0.6628298163414001,-0.6977021098136902,0.13473984599113464,-0.6969964504241943,-0.6223305463790894,-0.6502420902252197,-0.6969964504241943,-0.6969964504241943,-0.6223305463790894,-0.6628298163414001
-0.7417859,-0.690546989440918,-0.5642706751823425,-0.6747689843177795,-0.0767492949962616,0.05904755741357803,-0.80622398853302,-0.20634499192237854,0.10637248307466507,0.2532790005207062,-0.6250498294830322,-0.6521298885345459,-0.6652637124061584,-0.700524628162384,0.1331596076488495,-0.690546989440918,-0.6250498294830322,-0.6521298885345459,-0.690546989440918,-0.690546989440918,-0.6250498294830322,-0.6652637124061584
-0.7450473,-0.7011172771453857,-0.5679934620857239,-0.6768695712089539,-0.25722745060920715,-0.30484849214553833,-0.8333224654197693,-0.1469229757785797,0.08243423700332642,0.24556615948677063,-0.6281700730323792,-0.6553077697753906,-0.6685677766799927,-0.7036275267601013,0.1340266615152359,-0.7011172771453857,-0.6281700730323792,-0.6553077697753906,-0.7011172771453857,-0.7011172771453857,-0.6281700730323792,-0.6685677766799927
-0.7466778,-0.7024861574172974,-0.5670876502990723,-0.6769137978553772,-0.4115865230560303,0.04652415215969086,-0.5513091087341309,-0.12075105309486389,0.09989501535892487,0.2610645294189453,-0.6301600337028503,-0.657575249671936,-0.6707127094268799,-0.7067415118217468,0.13617703318595886,-0.7024861574172974,-0.6301600337028503,-0.657575249671936,-0.7024861574172974,-0.7024861574172974,-0.6301600337028503,-0.6707127094268799
-0.7434164,-0.6979033350944519,-0.5638526678085327,-0.6755602955818176,-0.21027345955371857,0.026623623445630074,-0.20584137737751007,-0.1901623010635376,0.12052589654922485,0.2688452899456024,-0.6319956183433533,-0.6590832471847534,-0.6724996566772461,-0.7097578644752502,0.13446763157844543,0.15211914479732513,-0.6319956183433533,-0.6590832471847534,-0.6979033350944519,-0.6979033350944519,-0.6319956183433533,-0.6724996566772461
-0.7507546,-0.6929925084114075,-0.5645369291305542,-0.6750516295433044,-0.052715230733156204,-0.5596958994865417,-0.4200374484062195,-0.1996510922908783,0.10395287722349167,0.2539902329444885,-0.6344208717346191,-0.6605616807937622,-0.6744875907897949,-0.7123995423316956,0.1334281861782074,-0.4587800204753876,-0.6344208717346191,-0.6605616807937622,-0.6929925084114075,-0.6929925084114075,-0.6344208717346191,-0.6744875907897949
-0.75809264,-0.6976936459541321,-0.5662355422973633,-0.6766677498817444,-0.42731773853302,-0.3648987114429474,-0.37665608525276184,-0.17775216698646545,0.08078177273273468,0.2438233345746994,-0.6367211937904358,-0.662864089012146,-0.676941990852356,-0.714766800403595,0.13409221172332764,-0.6976936459541321,-0.6367211937904358,-0.662864089012146,-0.6976936459541321,-0.6976936459541321,-0.6367211937904358,-0.676941990852356
-0.7572773,-0.7038999795913696,-0.5677902698516846,-0.6772204041481018,-0.4223487377166748,-0.19808432459831238,-0.5703246593475342,-0.12751412391662598,0.09422291815280914,0.24782244861125946,-0.6383722424507141,-0.6646445989608765,-0.6787028312683105,-0.7167342305183411,0.13490115106105804,-0.7038999795913696,-0.6383722424507141,-0.6646445989608765,-0.7038999795913696,-0.7038999795913696,-0.6383722424507141,-0.6787028312683105
-0.7638,-0.7002357244491577,-0.5654406547546387,-0.6766515374183655,-0.07277783751487732,0.20901340246200562,-0.746900737285614,-0.16069737076759338,0.11167481541633606,0.2694756090641022,-0.6395713090896606,-0.6659054756164551,-0.679969072341919,-0.7189800143241882,0.1355544775724411,-0.7002357244491577,-0.6395713090896606,-0.6659054756164551,-0.7002357244491577,-0.7002357244491577,-0.6395713090896606,-0.679969072341919
-0.75809264,-0.6975682973861694,-0.5650432109832764,-0.6761096119880676,-0.5124273300170898,-0.29284659028053284,-0.6010139584541321,-0.19874069094657898,0.12144913524389267,0.2613578736782074,-0.6415719985961914,-0.6674730777740479,-0.6818878054618835,-0.7214148640632629,0.13327300548553467,-0.6975682973861694,-0.6415719985961914,-0.6674730777740479,-0.6975682973861694,-0.6975682973861694,-0.6415719985961914,-0.6818878054618835
-0.75564677,-0.6989403963088989,-0.565692663192749,-0.6762924790382385,-0.257659912109375,-0.10791482031345367,-0.6598466634750366,-0.18473133444786072,0.09413398802280426,0.2580224573612213,-0.6434714794158936,-0.6688755750656128,-0.6835103034973145,-0.723642885684967,0.13461965322494507,-0.6989403963088989,-0.6434714794158936,-0.6688755750656128,-0.6989403963088989,-0.6989403963088989,-0.6434714794158936,-0.6835103034973145
-0.7523854,-0.6939870119094849,-0.5643957853317261,-0.6764734387397766,-0.11522034555673599,-0.8976565599441528,-0.5031324028968811,-0.17219653725624084,0.03938473016023636,0.22118236124515533,-0.6439321637153625,-0.6692616939544678,-0.6840019226074219,-0.7242527604103088,0.13474512100219727,-0.6939870119094849,-0.6439321637153625,-0.6692616939544678,-0.6939870119094849,-0.6939870119094849,-0.6439321637153625,-0.6840019226074219
-0.7417859,-0.6979488134384155,-0.5658459663391113,-0.6766062378883362,0.13456472754478455,-0.2711143493652344,-0.8551464676856995,-0.13060739636421204,0.005367562174797058,0.20882363617420197,-0.6436368227005005,-0.6686043739318848,-0.6834669709205627,-0.7232986092567444,0.13447023928165436,-0.6979488134384155,-0.6436368227005005,-0.6686043739318848,-0.6979488134384155,-0.6979488134384155,-0.6436368227005005,-0.6834669709205627
-0.7572773,-0.6948078870773315,-0.5649915933609009,-0.6768060326576233,-0.3813111484050751,-0.6732521653175354,-0.6475242376327515,-0.12108033895492554,0.0023096948862075806,0.21097449958324432,-0.6419132351875305,-0.6670668125152588,-0.6817317008972168,-0.7212023138999939,0.13648322224617004,-0.6948078870773315,-0.6419132351875305,-0.6670668125152588,-0.6948078870773315,-0.6948078870773315,-0.6419132351875305,-0.6817317008972168
-0.7572773,-0.6995932459831238,-0.5667126178741455,-0.6776818633079529,-0.4118153750896454,-0.7654742002487183,-0.5347681641578674,-0.08576005697250366,0.00969754159450531,0.22038733959197998,-0.6408568620681763,-0.6664987802505493,-0.6810325384140015,-0.7193048596382141,0.13423418998718262,-0.6995932459831238,-0.6408568620681763,-0.6664987802505493,-0.6995932459831238,-0.6995932459831238,-0.6408568620681763,-0.6810325384140015
-0.7523854,-0.7067521810531616,-0.5683119297027588,-0.6777800917625427,-0.1410427689552307,0.008166035637259483,-0.9262834191322327,-0.05579562485218048,0.03809820115566254,0.24030962586402893,-0.6407003998756409,-0.6667027473449707,-0.6809172034263611,-0.7194065451622009,0.136613667011261,-0.7067521810531616,-0.6407003998756409,-0.6667027473449707,-0.7067521810531616,-0.7067521810531616,-0.6407003998756409,-0.6809172034263611
-0.7458624,-0.6963468790054321,-0.5634273290634155,-0.6764087080955505,-0.3550596833229065,-0.30530133843421936,-0.09923817217350006,-0.15380346775054932,0.07500927895307541,0.25905174016952515,-0.6400755047798157,-0.6663224697113037,-0.6804558634757996,-0.7199246287345886,0.1361570656299591,-0.6963468790054321,-0.6400755047798157,-0.6663224697113037,-0.6963468790054321,-0.6963468790054321,-0.6400755047798157,-0.6804558634757996
-0.7450473,-0.691044807434082,-0.5642353296279907,-0.6751037240028381,-0.252428263425827,-0.00790872611105442,-0.3542194366455078,-0.20476341247558594,0.06568918377161026,0.230307936668396,-0.6401734948158264,-0.6653150320053101,-0.6799519062042236,-0.7194252610206604,0.1331539750099182,-0.691044807434082,-0.6401734948158264,-0.6653150320053101,-0.691044807434082,-0.691044807434082,-0.6401734948158264,-0.6799519062042236
-0.75646186,-0.6966493129730225,-0.5657248497009277,-0.6769340634346008,-0.13571783900260925,-0.5490002632141113,-0.45473337173461914,-0.10057088732719421,-0.00805141031742096,0.20432208478450775,-0.6403878331184387,-0.6656731367111206,-0.6802616119384766,-0.7189911007881165,0.13512519001960754,-0.6966493129730225,-0.6403878331184387,-0.6656731367111206,-0.6966493129730225,-0.6966493129730225,-0.6403878331184387,-0.6802616119384766
-0.7450473,-0.703299880027771,-0.5678397417068481,-0.678005039691925,-0.7138922214508057,-0.44079291820526123,-0.8163607120513916,-0.04860967397689819,0.009643696248531342,0.22268030047416687,-0.6398945450782776,-0.6658163070678711,-0.6801283359527588,-0.7181025147438049,0.13536691665649414,-0.703299880027771,-0.6398945450782776,-0.6658163070678711,-0.703299880027771,-0.703299880027771,-0.6398945450782776,-0.6801283359527588
-0.7474932,-0.6995642185211182,-0.5659785270690918,-0.6768495440483093,-0.13123752176761627,-0.4984472095966339,-0.06251126527786255,-0.08537763357162476,0.032918743789196014,0.2455321103334427,-0.6386310458183289,-0.6646865606307983,-0.678754985332489,-0.7174530625343323,0.1372089684009552,-0.6995642185211182,-0.6386310458183289,-0.6646865606307983,-0.6995642185211182,-0.6995642185211182,-0.6386310458183289,-0.678754985332489
-0.7483086,-0.691757082939148,-0.5636124014854431,-0.6760172247886658,-0.10148526728153229,-0.24756944179534912,-0.751687228679657,-0.17410078644752502,0.05663074553012848,0.23833054304122925,-0.6380599141120911,-0.66399085521698,-0.6782388687133789,-0.7169281840324402,0.13416177034378052,-0.691757082939148,-0.6380599141120911,-0.66399085521698,-0.691757082939148,-0.691757082939148,-0.6380599141120911,-0.6782388687133789
-0.7483086,-0.7011362314224243,-0.5670918822288513,-0.6765766739845276,0.16190068423748016,-0.21438413858413696,-0.36367684602737427,-0.123318612575531,0.04028479754924774,0.23191429674625397,-0.6387527585029602,-0.6642122268676758,-0.6786298751831055,-0.7168563008308411,0.13411888480186462,-0.7011362314224243,-0.6387527585029602,-0.6642122268676758,-0.7011362314224243,-0.7011362314224243,-0.6387527585029602,-0.6786298751831055
-0.7442318,-0.6978116035461426,-0.5661096572875977,-0.6774888634681702,-0.5423085689544678,-0.7892996668815613,-0.19617436826229095,-0.07233572006225586,0.02676934003829956,0.2496325671672821,-0.6385703682899475,-0.6647219657897949,-0.6788244247436523,-0.7171052098274231,0.1366490125656128,-0.6978116035461426,-0.6385703682899475,-0.6647219657897949,-0.6978116035461426,-0.6978116035461426,-0.6385703682899475,-0.6788244247436523
-0.7279251,-0.6961413025856018,-0.5654745697975159,-0.6762996315956116,-0.09555128216743469,-0.6202218532562256,-0.25879770517349243,-0.1770733892917633,0.04906235635280609,0.2216276228427887,-0.6375340223312378,-0.6633834838867188,-0.6775683760643005,-0.7159776091575623,0.13503819704055786,-0.6961413025856018,-0.6375340223312378,-0.6633834838867188,-0.6961413025856018,-0.6961413025856018,-0.6375340223312378,-0.6775683760643005
-0.73933965,-0.6905883550643921,-0.5640885233879089,-0.6755741238594055,-0.20425119996070862,-0.400524377822876,-0.6088430881500244,-0.14471077919006348,0.01504894345998764,0.2079181969165802,-0.636008620262146,-0.661486029624939,-0.675724983215332,-0.7140656113624573,0.13593268394470215,-0.6905883550643921,-0.636008620262146,-0.661486029624939,-0.6905883550643921,-0.6905883550643921,-0.636008620262146,-0.675724983215332
-0.7442318,-0.6944116353988647,-0.5656216144561768,-0.6769953370094299,-0.12809164822101593,-0.2324371635913849,-0.7407768368721008,-0.09754541516304016,-0.005716696381568909,0.20778962969779968,-0.6348508596420288,-0.6606605052947998,-0.6748531460762024,-0.7116439938545227,0.13412189483642578,-0.5885322690010071,-0.6348508596420288,-0.6606605052947998,-0.6944116353988647,-0.6944116353988647,-0.6348508596420288,-0.6748531460762024
-0.75157,-0.7068344354629517,-0.5688478946685791,-0.6780456900596619,-0.17211854457855225,-0.1113353818655014,-0.47017911076545715,-0.034219712018966675,0.014401450753211975,0.22811533510684967,-0.6342118978500366,-0.6606191396713257,-0.674375057220459,-0.710627019405365,0.13671234250068665,-0.42616143822669983,-0.6342118978500366,-0.6606191396713257,-0.7068344354629517,-0.7068344354629517,-0.6342118978500366,-0.674375057220459
-0.74993914,-0.7011458873748779,-0.5657792091369629,-0.6774891018867493,-0.5104922652244568,-0.09469666332006454,-0.36362749338150024,-0.11028975248336792,0.08047296106815338,0.2632999122142792,-0.6338468790054321,-0.6611629724502563,-0.6745607256889343,-0.7115784287452698,0.1367458999156952,-0.5925522446632385,-0.6338468790054321,-0.6611629724502563,-0.7011458873748779,-0.7011458873748779,-0.6338468790054321,-0.6745607256889343
-0.7401551,-0.6969352960586548,-0.5647568702697754,-0.6753230690956116,0.04474448785185814,-0.343207985162735,-0.5760570764541626,-0.19248467683792114,0.11384949088096619,0.264376699924469,-0.6350868344306946,-0.6615231037139893,-0.6753404140472412,-0.7133960127830505,0.1337912529706955,-0.25999686121940613,-0.6350868344306946,-0.6615231037139893,-0.6969352960586548,-0.6969352960586548,-0.6350868344306946,-0.6753404140472412
-0.7474932,-0.6920300126075745,-0.5635966062545776,-0.6752496361732483,-0.10822083801031113,-0.7939587235450745,-0.752176821231842,-0.20845457911491394,0.0744616761803627,0.23349244892597198,-0.6366683840751648,-0.6625430583953857,-0.6766706109046936,-0.7153964638710022,0.13470299541950226,-0.6920300126075745,-0.6366683840751648,-0.6625430583953857,-0.6920300126075745,-0.6920300126075745,-0.6366683840751648,-0.6766706109046936
-0.75483125,-0.6951011419296265,-0.5656803846359253,-0.6764248013496399,-0.22369666397571564,-0.7289566993713379,-1.2003591060638428,-0.14482858777046204,0.021616697311401367,0.21259239315986633,-0.637613832950592,-0.6632595062255859,-0.6776167750358582,-0.715617835521698,0.13340705633163452,-0.6951011419296265,-0.637613832950592,-0.6632595062255859,-0.6951011419296265,-0.6951011419296265,-0.637613832950592,-0.6776167750358582
-0.7483086,-0.705773651599884,-0.5684820413589478,-0.6778058409690857,-0.30328845977783203,-0.4185082018375397,-0.32731515169143677,-0.048690274357795715,0.030669815838336945,0.23546642065048218,-0.6384966969490051,-0.6645940542221069,-0.6787205934524536,-0.7164092659950256,0.13565480709075928,-0.705773651599884,-0.6384966969490051,-0.6645940542221069,-0.705773651599884,-0.705773651599884,-0.6384966969490051,-0.6787205934524536
-0.7466778,-0.6986544132232666,-0.5651071071624756,-0.6767906546592712,-0.424566388130188,-0.6744693517684937,-0.6612067222595215,-0.1196054220199585,0.06641882658004761,0.2685527801513672,-0.6379333734512329,-0.6643412113189697,-0.6782636642456055,-0.7168789505958557,0.13685300946235657,-0.6986544132232666,-0.6379333734512329,-0.6643412113189697,-0.6986544132232666,-0.6986544132232666,-0.6379333734512329,-0.6782636642456055
-0.7483086,-0.691576361656189,-0.5638898611068726,-0.6754751801490784,-0.06677450239658356,-0.4265119731426239,-0.9810468554496765,-0.2110861837863922,0.09014338254928589,0.24216338992118835,-0.6379637122154236,-0.6637316942214966,-0.6780182123184204,-0.7168511748313904,0.13364914059638977,-0.691576361656189,-0.6379637122154236,-0.6637316942214966,-0.691576361656189,-0.691576361656189,-0.6379637122154236,-0.6780182123184204
-0.75157,-0.6990180015563965,-0.5665111541748047,-0.6766529679298401,-0.2934281527996063,-0.06441806256771088,-0.2664908170700073,-0.12000241875648499,0.017877623438835144,0.21868780255317688,-0.6390157341957092,-0.6645298004150391,-0.6789543628692627,-0.7173410058021545,0.13425010442733765,-0.6990180015563965,-0.6390157341957092,-0.6645298004150391,-0.6990180015563965,-0.6990180015563965,-0.6390157341957092,-0.6789543628692627
-0.75564677,-0.7003111839294434,-0.566948413848877,-0.6775601506233215,-0.17792512476444244,-0.6702038645744324,-0.4706519544124603,-0.04419860243797302,0.020186707377433777,0.23871971666812897,-0.6390805840492249,-0.6651134490966797,-0.679302453994751,-0.7175413966178894,0.13597577810287476,-0.7003111839294434,-0.6390805840492249,-0.6651134490966797,-0.7003111839294434,-0.7003111839294434,-0.6390805840492249,-0.679302453994751
-0.749124,-0.7001825571060181,-0.5666762590408325,-0.6770625710487366,-0.08124289661645889,-0.1253206729888916,-0.20717859268188477,-0.14926037192344666,0.09910155832767487,0.2582339942455292,-0.6390902400016785,-0.6652452945709229,-0.6793903112411499,-0.7178727984428406,0.13515454530715942,-0.7001825571060181,-0.6390902400016785,-0.6652452945709229,-0.7001825571060181,-0.7001825571060181,-0.6390902400016785,-0.6793903112411499
-0.7597232,-0.6968356966972351,-0.5651794075965881,-0.6762225031852722,-0.2656790018081665,0.20058293640613556,-0.4394298791885376,-0.19077232480049133,0.09168277680873871,0.2576136589050293,-0.6393886208534241,-0.6652475595474243,-0.6794953346252441,-0.7185942530632019,0.13529112935066223,-0.6968356966972351,-0.6393886208534241,-0.6652475595474243,-0.6968356966972351,-0.6968356966972351,-0.6393886208534241,-0.6794953346252441
-0.7597232,-0.6970411539077759,-0.5658407211303711,-0.6767188906669617,-0.050640787929296494,-0.8938578367233276,-0.830689549446106,-0.17762300372123718,0.07751698791980743,0.2412460893392563,-0.6406686902046204,-0.6664988994598389,-0.6809262633323669,-0.719809353351593,0.13355407118797302,-0.6970411539077759,-0.6406686902046204,-0.6664988994598389,-0.6970411539077759,-0.6970411539077759,-0.6406686902046204,-0.6809262633323669
-0.7589081,-0.7043269872665405,-0.5675016045570374,-0.677096426486969,-0.20101873576641083,-0.15070617198944092,-0.21486786007881165,-0.11900478601455688,0.0757162868976593,0.244044229388237,-0.642031729221344,-0.667751669883728,-0.6821811199188232,-0.7213899493217468,0.13518333435058594,-0.7043269872665405,-0.642031729221344,-0.667751669883728,-0.7043269872665405,-0.7043269872665405,-0.642031729221344,-0.6821811199188232
-0.7654308,-0.6975281238555908,-0.5646174550056458,-0.6767657399177551,-0.27254241704940796,-0.32910609245300293,-0.31240129470825195,-0.16143986582756042,0.09029898792505264,0.2574457824230194,-0.6425464749336243,-0.6684772968292236,-0.6828793287277222,-0.72275310754776,0.1355031281709671,-0.6975281238555908,-0.6425464749336243,-0.6684772968292236,-0.6975281238555908,-0.6975281238555908,-0.6425464749336243,-0.6828793287277222
-0.75809264,-0.6986590027809143,-0.5660409927368164,-0.6764207482337952,-0.5335788726806641,-0.8691090941429138,-0.4117995500564575,-0.19442817568778992,0.10622011870145798,0.25279003381729126,-0.643913209438324,-0.669326663017273,-0.6840566992759705,-0.7239697575569153,0.13309720158576965,-0.6986590027809143,-0.643913209438324,-0.669326663017273,-0.6986590027809143,-0.6986590027809143,-0.643913209438324,-0.6840566992759705
-0.76461536,-0.6995861530303955,-0.5659006834030151,-0.6768608689308167,-0.2508489191532135,-0.20013317465782166,-0.2295273095369339,-0.14245697855949402,0.049480512738227844,0.23822292685508728,-0.6449280381202698,-0.670261025428772,-0.6849802136421204,-0.7253900170326233,0.1357022225856781,-0.6995861530303955,-0.6449280381202698,-0.670261025428772,-0.6995861530303955,-0.6995861530303955,-0.6449280381202698,-0.6849802136421204
-0.7621695,-0.6960143446922302,-0.5651679039001465,-0.676906168460846,-0.14199399948120117,-0.12833282351493835,-0.1829443871974945,-0.16535037755966187,0.06094605475664139,0.2368917316198349,-0.6452751159667969,-0.6706820726394653,-0.6854939460754395,-0.7257831692695618,0.13410334289073944,-0.6960143446922302,-0.6452751159667969,-0.6706820726394653,-0.6960143446922302,-0.6960143446922302,-0.6452751159667969,-0.6854939460754395
-0.77195346,-0.7026381492614746,-0.5669145584106445,-0.6769948601722717,-0.2248772382736206,-0.2873104214668274,-0.2563745975494385,-0.12525776028633118,0.05655593425035477,0.24128443002700806,-0.645846426486969,-0.6709421873092651,-0.6858266592025757,-0.7261729836463928,0.13477462530136108,-0.7026381492614746,-0.645846426486969,-0.6709421873092651,-0.7026381492614746,-0.7026381492614746,-0.645846426486969,-0.6858266592025757
-0.7711381,-0.6998156905174255,-0.5661847591400146,-0.6776440739631653,-0.4428676664829254,-0.7101407647132874,-0.4221416711807251,-0.1239209771156311,0.07086099684238434,0.25906386971473694,-0.6466984152793884,-0.6723587512969971,-0.6871193051338196,-0.7275274395942688,0.13495975732803345,-0.6998156905174255,-0.6466984152793884,-0.6723587512969971,-0.6998156905174255,-0.6998156905174255,-0.6466984152793884,-0.6871193051338196
-0.7695073,-0.7027637958526611,-0.5666439533233643,-0.6768766045570374,-0.08864104747772217,-0.11727933585643768,-0.5652465224266052,-0.16416016221046448,0.10087966918945312,0.25812020897865295,-0.647644579410553,-0.6729145050048828,-0.687812089920044,-0.7288089394569397,0.1345231682062149,-0.7027637958526611,-0.647644579410553,-0.6729145050048828,-0.7027637958526611,-0.7027637958526611,-0.647644579410553,-0.687812089920044
-0.76869214,-0.6972869634628296,-0.5644035339355469,-0.6767265200614929,0.07951630651950836,-0.3909415900707245,-0.7288801074028015,-0.17980992794036865,0.10574648529291153,0.2609255909919739,-0.6487334370613098,-0.6739859580993652,-0.6889755725860596,-0.7306084036827087,0.1348274052143097,-0.6972869634628296,-0.6487334370613098,-0.6739859580993652,-0.6972869634628296,-0.6972869634628296,-0.6487334370613098,-0.6889755725860596
-0.7695073,-0.6974071860313416,-0.5654218196868896,-0.6764984726905823,-0.04632868617773056,0.037613436579704285,-0.3145245313644409,-0.19462919235229492,0.08156516402959824,0.2402150183916092,-0.6495642066001892,-0.6742304563522339,-0.6895194053649902,-0.7311659455299377,0.1335131824016571,-0.6974071860313416,-0.6495642066001892,-0.6742304563522339,-0.6974071860313416,-0.6974071860313416,-0.6495642066001892,-0.6895194053649902
-0.7654308,-0.6999244689941406,-0.5662153959274292,-0.6774656176567078,-0.14283718168735504,-0.2758267819881439,-0.741232693195343,-0.0645325779914856,0.0056753456592559814,0.22642642259597778,-0.6502020955085754,-0.6750185489654541,-0.690264105796814,-0.7317361235618591,0.13494199514389038,-0.6999244689941406,-0.6502020955085754,-0.6750185489654541,-0.6999244689941406,-0.6999244689941406,-0.6502020955085754,-0.690264105796814
-0.7695073,-0.6988332271575928,-0.5657947063446045,-0.6772692799568176,-0.17788633704185486,-0.6277458667755127,-0.88333660364151,-0.0949009358882904,0.0127938911318779,0.2226838618516922,-0.6495417356491089,-0.674373984336853,-0.6895565390586853,-0.7310448288917542,0.13539382815361023,-0.6988332271575928,-0.6495417356491089,-0.674373984336853,-0.6988332271575928,-0.6988332271575928,-0.6495417356491089,-0.6895565390586853
-0.7654308,-0.6986337304115295,-0.5659616589546204,-0.6773716807365417,-0.23587043583393097,-0.14445362985134125,-0.7403301000595093,-0.1042056679725647,0.01537015289068222,0.2236945629119873,-0.649267315864563,-0.6742066144943237,-0.68938148021698,-0.730587899684906,0.1345328688621521,-0.6986337304115295,-0.649267315864563,-0.6742066144943237,-0.6986337304115295,-0.6986337304115295,-0.649267315864563,-0.68938148021698
-0.7703227,-0.7010703086853027,-0.5663756132125854,-0.6772883534431458,-0.2618553340435028,0.040608324110507965,-0.42597323656082153,-0.09271012246608734,0.016565769910812378,0.23061548173427582,-0.6489611268043518,-0.6738319396972656,-0.6889592409133911,-0.7302102446556091,0.13534243404865265,-0.7010703086853027,-0.6489611268043518,-0.6738319396972656,-0.7010703086853027,-0.7010703086853027,-0.6489611268043518,-0.6889592409133911
-0.7662459,-0.6977802515029907,-0.5657587051391602,-0.6774371266365051,-0.4212383031845093,-0.6310440897941589,-0.5794541239738464,-0.12167468667030334,0.04217839986085892,0.24416378140449524,-0.6488713026046753,-0.6740168333053589,-0.6890876293182373,-0.7302252650260925,0.1347968876361847,-0.6977802515029907,-0.6488713026046753,-0.6740168333053589,-0.6977802515029907,-0.6977802515029907,-0.6488713026046753,-0.6890876293182373
-0.7638,-0.7013257741928101,-0.56633061170578,-0.6770537495613098,-0.28399020433425903,-0.053377196192741394,-0.45610755681991577,-0.14521753787994385,0.05438341200351715,0.23962141573429108,-0.6488037705421448,-0.673673152923584,-0.688794732093811,-0.7300835251808167,0.13492298126220703,-0.7013257741928101,-0.6488037705421448,-0.673673152923584,-0.7013257741928101,-0.7013257741928101,-0.6488037705421448,-0.688794732093811
-0.7654308,-0.695380687713623,-0.5648780465126038,-0.6770656704902649,-0.07761406898498535,-0.4776080548763275,-0.7534053921699524,-0.12840059399604797,0.021412312984466553,0.2237599790096283,-0.6484837532043457,-0.673477053642273,-0.6885659694671631,-0.7298969626426697,0.1352151781320572,-0.695380687713623,-0.6484837532043457,-0.673477053642273,-0.695380687713623,-0.695380687713623,-0.6484837532043457,-0.6885659694671631
-0.75564677,-0.6999527215957642,-0.5661822557449341,-0.6770959496498108,-0.1863517016172409,-0.3344998359680176,-0.36122238636016846,-0.11827680468559265,0.010740131139755249,0.2161325216293335,-0.6482359766960144,-0.6730210781097412,-0.6881994009017944,-0.7291358113288879,0.134202241897583,-0.6999527215957642,-0.6482359766960144,-0.6730210781097412,-0.6999527215957642,-0.6999527215957642,-0.6482359766960144,-0.6881994009017944
-0.7654308,-0.6977991461753845,-0.5654914379119873,-0.6771243214607239,-0.2812221050262451,-0.27675890922546387,-0.5464638471603394,-0.11171862483024597,0.009150810539722443,0.21811014413833618,-0.6471977829933167,-0.6720813512802124,-0.6871011257171631,-0.7280264496803284,0.1362500786781311,-0.6977991461753845,-0.6471977829933167,-0.6720813512802124,-0.6977991461753845,-0.6977991461753845,-0.6471977829933167,-0.6871011257171631
-0.7597232,-0.697299599647522,-0.5658169984817505,-0.6774296164512634,-0.274930477142334,-0.6844784021377563,-0.6750349402427673,-0.10184380412101746,0.012898631393909454,0.2168586105108261,-0.6464170217514038,-0.671592116355896,-0.6865710616111755,-0.7267852425575256,0.13423705101013184,-0.697299599647522,-0.6464170217514038,-0.671592116355896,-0.697299599647522,-0.697299599647522,-0.6464170217514038,-0.6865710616111755
-0.7629846,-0.7038633823394775,-0.5671996474266052,-0.6773667931556702,0.13864342868328094,-0.2081548124551773,-0.9715489745140076,-0.06682461500167847,0.014693863689899445,0.23195700347423553,-0.6459382176399231,-0.6710509061813354,-0.6859003305435181,-0.7261641621589661,0.13588771224021912,-0.7038633823394775,-0.6459382176399231,-0.6710509061813354,-0.7038633823394775,-0.7038633823394775,-0.6459382176399231,-0.6859003305435181
-0.75809264,-0.696387529373169,-0.5648018717765808,-0.6772645115852356,-0.46083924174308777,-0.751038134098053,-0.5766867995262146,-0.11735382676124573,0.04700969159603119,0.25115475058555603,-0.6453962922096252,-0.6709922552108765,-0.6857032179832458,-0.726073682308197,0.13545754551887512,-0.696387529373169,-0.6453962922096252,-0.6709922552108765,-0.696387529373169,-0.696387529373169,-0.6453962922096252,-0.6857032179832458
-0.7629846,-0.699312686920166,-0.5660538673400879,-0.6764681935310364,-0.20616526901721954,-0.6628032922744751,-0.47099265456199646,-0.17395800352096558,0.06349775195121765,0.23922374844551086,-0.6451740264892578,-0.6701360940933228,-0.6850525140762329,-0.7254493832588196,0.13428860902786255,-0.699312686920166,-0.6451740264892578,-0.6701360940933228,-0.699312686920166,-0.699312686920166,-0.6451740264892578,-0.6850525140762329
-0.7540159,-0.6973790526390076,-0.5658396482467651,-0.6774476170539856,-0.14934056997299194,-0.36757662892341614,-0.6254397630691528,-0.08697278797626495,0.019273415207862854,0.2318517416715622,-0.6455461382865906,-0.6709438562393188,-0.6857483983039856,-0.7259097695350647,0.13511988520622253,-0.6973790526390076,-0.6455461382865906,-0.6709438562393188,-0.6973790526390076,-0.6973790526390076,-0.6455461382865906,-0.6857483983039856
-0.75564677,-0.6996520161628723,-0.5659624934196472,-0.6767213940620422,-0.22984729707241058,-0.46633145213127136,-0.22313039004802704,-0.13100311160087585,0.019589558243751526,0.22355417907238007,-0.6446928381919861,-0.6697607040405273,-0.684580385684967,-0.7248759865760803,0.135481059551239,-0.6996520161628723,-0.6446928381919861,-0.6697607040405273,-0.6996520161628723,-0.6996520161628723,-0.6446928381919861,-0.684580385684967
-0.7621695,-0.6937572360038757,-0.5648311376571655,-0.6770008206367493,-0.04538685455918312,-0.2320021688938141,-0.6428619027137756,-0.11109814047813416,0.001766398549079895,0.2111053615808487,-0.643997848033905,-0.669318437576294,-0.6840859651565552,-0.724027693271637,0.13501675426959991,-0.6937572360038757,-0.643997848033905,-0.669318437576294,-0.6937572360038757,-0.6937572360038757,-0.643997848033905,-0.6840859651565552
-0.75809264,-0.7041783332824707,-0.5675956010818481,-0.6774163842201233,-0.007186559960246086,-0.4935576617717743,-0.5311418175697327,-0.08196048438549042,0.022095471620559692,0.22551573812961578,-0.6440150141716003,-0.6693099737167358,-0.6840697526931763,-0.7234748005867004,0.1343974620103836,-0.7041783332824707,-0.6440150141716003,-0.6693099737167358,-0.7041783332824707,-0.7041783332824707,-0.6440150141716003,-0.6840697526931763
-0.76053864,-0.6997739672660828,-0.5661306381225586,-0.6774521470069885,-0.16951417922973633,-0.24839267134666443,-0.2514047622680664,-0.08498196303844452,0.04609794169664383,0.2587609887123108,-0.6437261700630188,-0.669463038444519,-0.6839566230773926,-0.7238168120384216,0.13667184114456177,-0.6997739672660828,-0.6437261700630188,-0.669463038444519,-0.6997739672660828,-0.6997739672660828,-0.6437261700630188,-0.6839566230773926
-0.7474932,-0.6961400508880615,-0.5649443864822388,-0.6765294671058655,-0.31177282333374023,-0.3055683970451355,-0.37164175510406494,-0.1961866319179535,0.10552188754081726,0.25261104106903076,-0.6435516476631165,-0.6690847873687744,-0.6837366819381714,-0.7237723469734192,0.13417859375476837,-0.6961400508880615,-0.6435516476631165,-0.6690847873687744,-0.6961400508880615,-0.6961400508880615,-0.6435516476631165,-0.6837366819381714
-0.76053864,-0.6964423656463623,-0.5651283264160156,-0.6760746836662292,-0.35960274934768677,-0.38634249567985535,-0.3915339708328247,-0.16001811623573303,0.026216253638267517,0.21331678330898285,-0.6433478593826294,-0.6683006286621094,-0.6831029057502747,-0.723288357257843,0.13518036901950836,-0.6964423656463623,-0.6433478593826294,-0.6683006286621094,-0.6964423656463623,-0.6964423656463623,-0.6433478593826294,-0.6831029057502747
-0.75157,-0.6961384415626526,-0.5656841993331909,-0.6774291396141052,0.36542028188705444,-0.4828331172466278,-0.5343140363693237,-0.10254642367362976,0.012038886547088623,0.21700605750083923,-0.643377423286438,-0.6688342094421387,-0.6835707426071167,-0.7228309512138367,0.1341865360736847,-0.6961384415626526,-0.643377423286438,-0.6688342094421387,-0.6961384415626526,-0.6961384415626526,-0.643377423286438,-0.6835707426071167
-0.75646186,-0.7044144868850708,-0.5673609972000122,-0.6771765351295471,-0.0017613896634429693,-0.1433975100517273,-0.4332902431488037,-0.06317414343357086,0.012145422399044037,0.22926390171051025,-0.6425796151161194,-0.6679023504257202,-0.6824748516082764,-0.7218208909034729,0.13633528351783752,-0.7044144868850708,-0.6425796151161194,-0.6679023504257202,-0.7044144868850708,-0.7044144868850708,-0.6425796151161194,-0.6824748516082764
-0.76053864,-0.6950925588607788,-0.5642644166946411,-0.6771498322486877,-0.09077150374650955,-0.2891981899738312,-0.16422218084335327,-0.11621019244194031,0.04083768278360367,0.24742627143859863,-0.6417788863182068,-0.6677637100219727,-0.6821531057357788,-0.721544086933136,0.13563492894172668,-0.6950925588607788,-0.6417788863182068,-0.6677637100219727,-0.6950925588607788,-0.6950925588607788,-0.6417788863182068,-0.6821531057357788
-0.75564677,-0.7025733590126038,-0.5672654509544373,-0.6766355633735657,0.08312107622623444,-0.5290001630783081,-0.6958497166633606,-0.15829116106033325,0.0833258181810379,0.2501640021800995,-0.6423161625862122,-0.6677025556564331,-0.682331919670105,-0.7215645909309387,0.1335778832435608,-0.7025733590126038,-0.6423161625862122,-0.6677025556564331,-0.7025733590126038,-0.7025733590126038,-0.6423161625862122,-0.682331919670105
-0.7654308,-0.6981698274612427,-0.5654479265213013,-0.6771610379219055,-0.37578707933425903,-0.6197659373283386,-0.32368355989456177,-0.10991635918617249,0.05278993397951126,0.26349398493766785,-0.6428340673446655,-0.6686339378356934,-0.6830664873123169,-0.7228568196296692,0.13650181889533997,-0.6981698274612427,-0.6428340673446655,-0.6686339378356934,-0.6981698274612427,-0.6981698274612427,-0.6428340673446655,-0.6830664873123169
-0.75564677,-0.6975790858268738,-0.5658043026924133,-0.6766913533210754,0.12885543704032898,-0.32145655155181885,-0.5558096170425415,-0.1896248757839203,0.09589772671461105,0.2498592734336853,-0.6434162259101868,-0.6690186262130737,-0.6836679577827454,-0.723368227481842,0.1333649754524231,-0.6975790858268738,-0.6434162259101868,-0.6690186262130737,-0.6975790858268738,-0.6975790858268738,-0.6434162259101868,-0.6836679577827454
-0.7670613,-0.7010636329650879,-0.566216766834259,-0.6766565442085266,-0.29644453525543213,-0.2703648805618286,-0.22589902579784393,-0.1392366588115692,0.047530397772789,0.2349216192960739,-0.6441702842712402,-0.6694388389587402,-0.6841292381286621,-0.7243407368659973,0.13561475276947021,-0.7010636329650879,-0.6441702842712402,-0.6694388389587402,-0.7010636329650879,-0.7010636329650879,-0.6441702842712402,-0.6841292381286621
-0.75809264,-0.6964467167854309,-0.5650979280471802,-0.6771393418312073,-0.2296181470155716,-0.5632327795028687,-0.4102168083190918,-0.1458335816860199,0.055143870413303375,0.24259306490421295,-0.6448332667350769,-0.6704859733581543,-0.6851979494094849,-0.7252321839332581,0.13414260745048523,-0.6964467167854309,-0.6448332667350769,-0.6704859733581543,-0.6964467167854309,-0.6964467167854309,-0.6448332667350769,-0.6851979494094849
-0.75809264,-0.7023189067840576,-0.5666900277137756,-0.676578938961029,-0.2820925712585449,-0.13051465153694153,-0.6647806167602539,-0.13511240482330322,0.05561108887195587,0.24308979511260986,-0.6451817750930786,-0.6702136993408203,-0.6850529909133911,-0.7254264950752258,0.13503149151802063,-0.7023189067840576,-0.6451817750930786,-0.6702136993408203,-0.7023189067840576,-0.7023189067840576,-0.6451817750930786,-0.6850529909133911
-0.7670613,-0.693764328956604,-0.5639086365699768,-0.6769199967384338,-0.554530918598175,-0.7474566102027893,-0.4069520831108093,-0.12595367431640625,0.02967984974384308,0.23855221271514893,-0.644969642162323,-0.6704338788986206,-0.6851806640625,-0.725616991519928,0.13546884059906006,-0.693764328956604,-0.644969642162323,-0.6704338788986206,-0.693764328956604,-0.693764328956604,-0.644969642162323,-0.6851806640625
-0.77195346,-0.7030797600746155,-0.56734299659729,-0.6770296692848206,-0.3877238631248474,-0.36241766810417175,-0.3537946343421936,-0.14252877235412598,0.05868391692638397,0.23988965153694153,-0.64548259973526,-0.6705650091171265,-0.6855090856552124,-0.725376307964325,0.13324004411697388,-0.7030797600746155,-0.64548259973526,-0.6705650091171265,-0.7030797600746155,-0.7030797600746155,-0.64548259973526,-0.6855090856552124
-0.761354,-0.7037252187728882,-0.5673420429229736,-0.6780328154563904,-0.11306184530258179,0.21860818564891815,-0.6563417911529541,-0.07858480513095856,0.06564690172672272,0.2554198205471039,-0.6466912627220154,-0.6724734306335449,-0.6871161460876465,-0.7273852229118347,0.13621559739112854,-0.7037252187728882,-0.6466912627220154,-0.6724734306335449,-0.7037252187728882,-0.7037252187728882,-0.6466912627220154,-0.6871161460876465
-0.76053864,-0.697041392326355,-0.5638276934623718,-0.6761102080345154,-0.18022982776165009,-0.11124256253242493,-0.3399364650249481,-0.19056454300880432,0.09692072123289108,0.2651147246360779,-0.6463857293128967,-0.6717435121536255,-0.6865242719650269,-0.7278748154640198,0.13534638285636902,-0.697041392326355,-0.6463857293128967,-0.6717435121536255,-0.697041392326355,-0.697041392326355,-0.6463857293128967,-0.6865242719650269
-0.76869214,-0.6910668611526489,-0.5638376474380493,-0.6758816838264465,0.0031798502895981073,-0.33787569403648376,-0.681185781955719,-0.19585958123207092,0.052092015743255615,0.22468054294586182,-0.6469769477844238,-0.6717079877853394,-0.6868813633918762,-0.7280439734458923,0.13309413194656372,-0.6910668611526489,-0.6469769477844238,-0.6717079877853394,-0.6910668611526489,-0.6910668611526489,-0.6469769477844238,-0.6868813633918762
-0.7711381,-0.7047398090362549,-0.567480206489563,-0.6776579022407532,-0.20674638450145721,-0.2872985005378723,-0.6272031664848328,-0.06493346393108368,0.005860775709152222,0.22111092507839203,-0.6480399370193481,-0.6728873252868652,-0.6880435943603516,-0.7284000515937805,0.13417500257492065,-0.7047398090362549,-0.6480399370193481,-0.6728873252868652,-0.7047398090362549,-0.7047398090362549,-0.6480399370193481,-0.6880435943603516
-0.7654308,-0.7030977010726929,-0.5671265125274658,-0.6781380772590637,-0.39200401306152344,-0.020113205537199974,-0.36562126874923706,-0.06474891304969788,0.050669990479946136,0.25215980410575867,-0.6479958295822144,-0.6735609769821167,-0.6883487701416016,-0.7289806008338928,0.13656380772590637,-0.7030977010726929,-0.6479958295822144,-0.6735609769821167,-0.7030977010726929,-0.7030977010726929,-0.6479958295822144,-0.6883487701416016
-0.7703227,-0.6974477171897888,-0.5643994212150574,-0.6765082478523254,-0.2876860499382019,-0.27759644389152527,-0.5294655561447144,-0.18483200669288635,0.10179346799850464,0.2645385265350342,-0.6474886536598206,-0.6727830171585083,-0.6876689195632935,-0.7290844321250916,0.1350793093442917,-0.6974477171897888,-0.6474886536598206,-0.6727830171585083,-0.6974477171897888,-0.6974477171897888,-0.6474886536598206,-0.6876689195632935
-0.7727689,-0.6963897943496704,-0.5652540326118469,-0.6765491366386414,-0.2287014275789261,-0.3338039219379425,-0.6366081833839417,-0.19627442955970764,0.0858658030629158,0.24355022609233856,-0.6486429572105408,-0.6735193729400635,-0.6887125968933105,-0.7300053238868713,0.1331138014793396,-0.6963897943496704,-0.6486429572105408,-0.6735193729400635,-0.6963897943496704,-0.6963897943496704,-0.6486429572105408,-0.6887125968933105
-0.7695073,-0.7038499116897583,-0.5672415494918823,-0.6775663495063782,-0.2871844172477722,-0.26706793904304504,-0.6190624833106995,-0.10661688446998596,0.054109275341033936,0.23484833538532257,-0.6499115824699402,-0.674846887588501,-0.6900156736373901,-0.731257975101471,0.13479986786842346,-0.7038499116897583,-0.6499115824699402,-0.674846887588501,-0.7038499116897583,-0.7038499116897583,-0.6499115824699402,-0.6900156736373901
-0.76787674,-0.6984536647796631,-0.5653759837150574,-0.67729252576828,-0.02298802137374878,-0.47597217559814453,-0.5911998748779297,-0.1365319788455963,0.06418170034885406,0.2637333273887634,-0.6498315334320068,-0.6749634742736816,-0.6900308132171631,-0.7317278981208801,0.13570088148117065,-0.6984536647796631,-0.6498315334320068,-0.6749634742736816,-0.6984536647796631,-0.6984536647796631,-0.6498315334320068,-0.6900308132171631
-0.77603024,-0.6964225769042969,-0.5649915933609009,-0.6766428351402283,0.1443319171667099,-0.7928867936134338,-0.49104875326156616,-0.19736269116401672,0.07313845306634903,0.23273977637290955,-0.6497483849525452,-0.674484372138977,-0.6897517442703247,-0.7315031886100769,0.1340266913175583,-0.6964225769042969,-0.6497483849525452,-0.674484372138977,-0.6964225769042969,-0.6964225769042969,-0.6497483849525452,-0.6897517442703247
-0.77195346,-0.702356219291687,-0.5669494271278381,-0.6775997281074524,-0.09354394674301147,-0.6757071018218994,-0.36777791380882263,-0.11720040440559387,0.03607489913702011,0.22729948163032532,-0.6507495641708374,-0.6756013631820679,-0.6908923983573914,-0.73225337266922,0.1340722143650055,-0.702356219291687,-0.6507495641708374,-0.6756013631820679,-0.702356219291687,-0.702356219291687,-0.6507495641708374,-0.6908923983573914
-0.76869214,-0.7019779682159424,-0.5664795637130737,-0.6775537133216858,-0.3650837540626526,-0.2633683383464813,-0.5118827223777771,-0.09154197573661804,0.04872184246778488,0.25355538725852966,-0.6508707404136658,-0.6758741140365601,-0.6910203695297241,-0.7328037619590759,0.13589882850646973,-0.7019779682159424,-0.6508707404136658,-0.6758741140365601,-0.7019779682159424,-0.7019779682159424,-0.6508707404136658,-0.6910203695297241
-0.76461536,-0.6953310370445251,-0.5642043352127075,-0.6767318844795227,-0.4478037655353546,-0.37383201718330383,-0.6392919421195984,-0.18683120608329773,0.07022017985582352,0.23773227632045746,-0.6504688858985901,-0.6753374338150024,-0.6905764937400818,-0.7326751351356506,0.1347196102142334,-0.6953310370445251,-0.6504688858985901,-0.6753374338150024,-0.6953310370445251,-0.6953310370445251,-0.6504688858985901,-0.6905764937400818
-0.7801067,-0.6974244117736816,-0.5654089450836182,-0.6766706109046936,-0.7728018760681152,-0.5535163283348083,-0.4892241358757019,-0.1602317988872528,0.02076822519302368,0.2077484130859375,-0.6503452658653259,-0.6747093200683594,-0.690151572227478,-0.7319348454475403,0.13400766253471375,-0.6974244117736816,-0.6503452658653259,-0.6747093200683594,-0.6974244117736816,-0.6974244117736816,-0.6503452658653259,-0.690151572227478
-0.7711381,-0.7037031650543213,-0.5674492120742798,-0.6782611012458801,-0.030658429488539696,-0.25889647006988525,-0.3351535499095917,-0.06591829657554626,0.01850414276123047,0.2281050831079483,-0.6510969996452332,-0.6761287450790405,-0.6913895010948181,-0.7324146628379822,0.1344338059425354,-0.7037031650543213,-0.6510969996452332,-0.6761287450790405,-0.7037031650543213,-0.7037031650543213,-0.6510969996452332,-0.6913895010948181
-0.7703227,-0.7037093639373779,-0.5666289925575256,-0.6774796843528748,-0.2626158595085144,-0.5069579482078552,-0.4430064558982849,-0.07657986879348755,0.0485055148601532,0.2518388032913208,-0.6506977677345276,-0.6757839918136597,-0.6908409595489502,-0.7326510548591614,0.13658973574638367,-0.7037093639373779,-0.6506977677345276,-0.6757839918136597,-0.7037093639373779,-0.7037093639373779,-0.6506977677345276,-0.6908409595489502
-0.77847624,-0.693875253200531,-0.5628749132156372,-0.6764299273490906,-0.08667896687984467,0.014487328007817268,-0.6468819975852966,-0.18155106902122498,0.0861092358827591,0.2510366439819336,-0.6504078507423401,-0.6754264831542969,-0.6906288862228394,-0.7328776717185974,0.1343892514705658,-0.693875253200531,-0.6504078507423401,-0.6754264831542969,-0.693875253200531,-0.693875253200531,-0.6504078507423401,-0.6906288862228394
-0.7809222,-0.7024897336959839,-0.5669397115707397,-0.6769358515739441,-0.5412046909332275,-0.5734177231788635,-0.4622456133365631,-0.16512438654899597,0.07085143774747849,0.24476318061351776,-0.6518884301185608,-0.6763114929199219,-0.6918468475341797,-0.7335694432258606,0.13251993060112,-0.7024897336959839,-0.6518884301185608,-0.6763114929199219,-0.7024897336959839,-0.7024897336959839,-0.6518884301185608,-0.6918468475341797
-0.7768454,-0.7034823894500732,-0.567062497138977,-0.6782210469245911,-0.3406413793563843,0.006500566378235817,-0.7897152304649353,-0.06782728433609009,0.05404568463563919,0.25397995114326477,-0.6530925631523132,-0.6782060861587524,-0.6934323310852051,-0.7354775071144104,0.13620004057884216,-0.7034823894500732,-0.6530925631523132,-0.6782060861587524,-0.7034823894500732,-0.6782060861587524,-0.6530925631523132,-0.6934323310852051
-0.7695073,-0.6983557939529419,-0.5645397901535034,-0.6768086552619934,-0.021668465808033943,-0.6604048609733582,-0.8538252115249634,-0.1832531988620758,0.10773439705371857,0.26568448543548584,-0.6528880000114441,-0.677771806716919,-0.6930958032608032,-0.7359041571617126,0.13483574986457825,-0.6983557939529419,-0.6528880000114441,-0.677771806716919,-0.6983557939529419,-0.677771806716919,-0.6528880000114441,-0.6930958032608032
-0.7801067,-0.6940665245056152,-0.5641962289810181,-0.6762498021125793,-0.16633880138397217,-0.19502714276313782,-0.5944136381149292,-0.1961594521999359,0.05574435740709305,0.22000086307525635,-0.6531655788421631,-0.6773725748062134,-0.6930109858512878,-0.7359567284584045,0.13379693031311035,-0.6940665245056152,-0.6531655788421631,-0.6773725748062134,-0.6940665245056152,-0.6773725748062134,-0.6531655788421631,-0.6930109858512878
-0.77439946,-0.7013870477676392,-0.5664615631103516,-0.6777387261390686,-0.23389248549938202,-1.081411361694336,-0.738253116607666,-0.09881439805030823,0.009815901517868042,0.22070340812206268,-0.6539892554283142,-0.6783938407897949,-0.694057047367096,-0.7361517548561096,0.13366010785102844,-0.7013870477676392,-0.6539892554283142,-0.6783938407897949,-0.7013870477676392,-0.6783938407897949,-0.6539892554283142,-0.694057047367096
-0.7882602,-0.7040537595748901,-0.567003607749939,-0.6779499650001526,-0.15610568225383759,-0.26576828956604004,-0.3186019957065582,-0.0515332967042923,0.018022269010543823,0.23350811004638672,-0.6535137295722961,-0.6781795024871826,-0.6935750246047974,-0.7358537316322327,0.13639715313911438,-0.7040537595748901,-0.6535137295722961,-0.6781795024871826,-0.7040537595748901,-0.6781795024871826,-0.6535137295722961,-0.6935750246047974
-0.77603024,-0.7000724077224731,-0.5656196475028992,-0.6777539849281311,0.1386316865682602,-0.21713869273662567,-0.0816134661436081,-0.1441834270954132,0.08037589490413666,0.252391517162323,-0.6537689566612244,-0.6789476871490479,-0.6942821145057678,-0.7366214394569397,0.13421109318733215,-0.7000724077224731,-0.6537689566612244,-0.6789476871490479,-0.7000724077224731,-0.6789476871490479,-0.6537689566612244,-0.6942821145057678
-0.78418356,-0.7017955183982849,-0.5658538341522217,-0.6765721440315247,-0.06918708235025406,-0.27125996351242065,-0.8777205944061279,-0.1708938181400299,0.07818707823753357,0.25766634941101074,-0.6544049978256226,-0.678776741027832,-0.6943212151527405,-0.7374976277351379,0.13477203249931335,-0.7017955183982849,-0.6544049978256226,-0.678776741027832,-0.7017955183982849,-0.678776741027832,-0.6544049978256226,-0.6943212151527405
-0.7768454,-0.6953381896018982,-0.5637927055358887,-0.6771684288978577,-0.2528223991394043,-0.14611691236495972,-0.8319371342658997,-0.15314805507659912,0.05816074460744858,0.24356435239315033,-0.6554604172706604,-0.6801598072052002,-0.695780336856842,-0.7389466166496277,0.13388890027999878,-0.6953381896018982,-0.6554604172706604,-0.6801598072052002,-0.6953381896018982,-0.6801598072052002,-0.6554604172706604,-0.695780336856842
-0.7768454,-0.7029194235801697,-0.5665351748466492,-0.6769241690635681,-0.3864628076553345,-0.36127007007598877,-0.5105792880058289,-0.15259945392608643,0.05456158518791199,0.23435118794441223,-0.6558371186256409,-0.6797603368759155,-0.6955996155738831,-0.7387663722038269,0.13407018780708313,-0.7029194235801697,-0.6558371186256409,-0.6797603368759155,-0.7029194235801697,-0.6797603368759155,-0.6558371186256409,-0.6955996155738831
-0.7776608,-0.6954854130744934,-0.5644166469573975,-0.6777327656745911,-0.24804358184337616,-0.6234792470932007,-0.6584168076515198,-0.11651435494422913,0.014027498662471771,0.22917479276657104,-0.6555048227310181,-0.6800745725631714,-0.6956913471221924,-0.7387581467628479,0.13574007153511047,-0.6954854130744934,-0.6555048227310181,-0.6800745725631714,-0.6954854130744934,-0.6800745725631714,-0.6555048227310181,-0.6956913471221924
-0.78662944,-0.701905369758606,-0.5664515495300293,-0.6773027777671814,-0.2833959460258484,-0.5579621195793152,-0.4046316146850586,-0.12702342867851257,0.030907675623893738,0.22712227702140808,-0.6547902822494507,-0.6789501905441284,-0.6946960687637329,-0.7373629212379456,0.13386490941047668,-0.701905369758606,-0.6547902822494507,-0.6789501905441284,-0.701905369758606,-0.6789501905441284,-0.6547902822494507,-0.6946960687637329
-0.78418356,-0.7027695775032043,-0.5670497417449951,-0.6783302426338196,-0.22295235097408295,-0.2665509283542633,-0.2729477286338806,-0.06549617648124695,0.03835267573595047,0.2476450502872467,-0.6553783416748047,-0.680207371711731,-0.6957162618637085,-0.7382063269615173,0.13520166277885437,-0.7027695775032043,-0.6553783416748047,-0.680207371711731,-0.7027695775032043,-0.680207371711731,-0.6553783416748047,-0.6957162618637085
-0.7792916,-0.7022407650947571,-0.566215455532074,-0.6774330735206604,-0.1092975065112114,-0.45383986830711365,-0.4857034683227539,-0.1502460539340973,0.10130307078361511,0.2659233808517456,-0.6555066704750061,-0.6802346706390381,-0.6957296133041382,-0.7388879656791687,0.1351379156112671,-0.7022407650947571,-0.6555066704750061,-0.6802346706390381,-0.7022407650947571,-0.6802346706390381,-0.6555066704750061,-0.6957296133041382
-0.76053864,-0.6960270404815674,-0.5638672113418579,-0.6766605973243713,-0.5581895112991333,-0.8496248722076416,-0.4935609698295593,-0.20212537050247192,0.09679755568504333,0.25314390659332275,-0.6558897495269775,-0.680314302444458,-0.695990800857544,-0.7396977543830872,0.13435572385787964,-0.6960270404815674,-0.6558897495269775,-0.680314302444458,-0.6960270404815674,-0.680314302444458,-0.6558897495269775,-0.695990800857544
-0.7801067,-0.6922110915184021,-0.5636540055274963,-0.6758100390434265,0.02832070179283619,-0.24370574951171875,-0.25325852632522583,-0.16304278373718262,0.022819019854068756,0.20706148445606232,-0.6548628211021423,-0.6784101724624634,-0.6943644285202026,-0.7379570603370667,0.13452744483947754,-0.6922110915184021,-0.6548628211021423,-0.6784101724624634,-0.6922110915184021,-0.6922110915184021,-0.6548628211021423,-0.6943644285202026
-0.78336805,-0.6997630596160889,-0.5655578970909119,-0.67803555727005,-0.11568824201822281,-0.4013555347919464,-0.704704999923706,-0.08982613682746887,0.0006324499845504761,0.21359476447105408,-0.6545353531837463,-0.6787540912628174,-0.6945895552635193,-0.7363129258155823,0.13339102268218994,-0.6997630596160889,-0.6545353531837463,-0.6787540912628174,-0.6997630596160889,-0.6787540912628174,-0.6545353531837463,-0.6945895552635193
-0.7907063,-0.7113610506057739,-0.5688395500183105,-0.6787853837013245,-0.7825157046318054,-0.3357446491718292,-0.2972549796104431,-0.0400255024433136,0.029071450233459473,0.23474235832691193,-0.653992772102356,-0.6788818836212158,-0.6942021250724792,-0.7357617020606995,0.1368192434310913,-0.7113610506057739,-0.653992772102356,-0.6788818836212158,-0.7113610506057739,-0.6788818836212158,-0.653992772102356,-0.6942021250724792
-0.7849989,-0.7021304368972778,-0.5639673471450806,-0.6777903437614441,-0.6146749258041382,-0.3918829560279846,-1.0767807960510254,-0.1323421597480774,0.08907570689916611,0.2615049481391907,-0.6538901925086975,-0.6796648502349854,-0.6946926712989807,-0.737423837184906,0.13611477613449097,-0.7021304368972778,-0.6538901925086975,-0.6796648502349854,-0.7021304368972778,-0.6796648502349854,-0.6538901925086975,-0.6946926712989807
-0.7874449,-0.6965377926826477,-0.5640336871147156,-0.6755262017250061,0.07765521109104156,-0.6108598113059998,-0.6427581906318665,-0.1971937119960785,0.10497821867465973,0.2598346769809723,-0.655509889125824,-0.6798762083053589,-0.6955427527427673,-0.7393733859062195,0.1324356496334076,-0.6965377926826477,-0.655509889125824,-0.6798762083053589,-0.6965377926826477,-0.6798762083053589,-0.655509889125824,-0.6955427527427673
-0.7955984,-0.6966923475265503,-0.5644619464874268,-0.6769304871559143,-0.15581193566322327,-0.39905235171318054,-0.3481529951095581,-0.20052620768547058,0.10236283391714096,0.24977657198905945,-0.6582142114639282,-0.6824473142623901,-0.6983566880226135,-0.7424059510231018,0.13345956802368164,-0.6966923475265503,-0.6582142114639282,-0.6824473142623901,-0.6966923475265503,-0.6824473142623901,-0.6582142114639282,-0.6983566880226135
-0.79233706,-0.7050694227218628,-0.5672812461853027,-0.6777747273445129,-0.3219284415245056,-0.43235671520233154,-0.40897294878959656,-0.14947178959846497,0.08202378451824188,0.24708054959774017,-0.6599090695381165,-0.6840242147445679,-0.7000555396080017,-0.7438921332359314,0.13341036438941956,-0.7050694227218628,-0.6599090695381165,-0.6840242147445679,-0.7050694227218628,-0.6840242147445679,-0.6599090695381165,-0.7000555396080017
-0.79396755,-0.7016139626502991,-0.5659530758857727,-0.6778836846351624,-0.14637579023838043,-0.03704626113176346,-0.23094530403614044,-0.11629804968833923,0.07287004590034485,0.2646816074848175,-0.6606408953666687,-0.685034990310669,-0.700910210609436,-0.7454031109809875,0.13573724031448364,-0.7016139626502991,-0.6606408953666687,-0.685034990310669,-0.7016139626502991,-0.685034990310669,-0.6606408953666687,-0.700910210609436
-0.79641354,-0.6978024840354919,-0.5644950866699219,-0.6770520806312561,0.07665196061134338,-0.008412910625338554,-0.7913568615913391,-0.19970163702964783,0.11431865394115448,0.2579638659954071,-0.6610910296440125,-0.6852028369903564,-0.7012884616851807,-0.7461552023887634,0.1335987150669098,-0.6978024840354919,-0.6610910296440125,-0.6852028369903564,-0.6978024840354919,-0.6852028369903564,-0.6610910296440125,-0.7012884616851807
-0.79641354,-0.7022237777709961,-0.5663068294525146,-0.6774798035621643,-0.27127188444137573,-0.3249783515930176,-0.3673577606678009,-0.18041515350341797,0.09745745360851288,0.25241637229919434,-0.6625060439109802,-0.6862857341766357,-0.7025642395019531,-0.7474233508110046,0.1334289014339447,-0.7022237777709961,-0.6625060439109802,-0.6862857341766357,-0.7022237777709961,-0.6862857341766357,-0.6625060439109802,-0.7025642395019531
-0.78989077,-0.7008988857269287,-0.5659557580947876,-0.6779540181159973,-0.4740501642227173,0.09160740673542023,-0.12940658628940582,-0.1277737021446228,0.07465147972106934,0.26267439126968384,-0.6632450222969055,-0.6872460842132568,-0.7034446001052856,-0.7485310435295105,0.13495102524757385,-0.7034446001052856,-0.6632450222969055,-0.6872460842132568,-0.7008988857269287,-0.6872460842132568,-0.6632450222969055,-0.7034446001052856
-0.79396755,-0.6978045701980591,-0.5648119449615479,-0.6772659420967102,-0.2017679512500763,-0.1370566338300705,-0.592139482498169,-0.17992380261421204,0.04428889602422714,0.21899691224098206,-0.6628739833831787,-0.6865767240524292,-0.7028705477714539,-0.7482349276542664,0.1345464587211609,-0.7028705477714539,-0.6628739833831787,-0.6865767240524292,-0.6978045701980591,-0.6865767240524292,-0.6628739833831787,-0.7028705477714539
-0.7955984,-0.6990816593170166,-0.5654764175415039,-0.6776710152626038,0.06479375064373016,-0.2649320065975189,-0.15468494594097137,-0.12889957427978516,0.004643425345420837,0.21018047630786896,-0.663029134273529,-0.686681866645813,-0.7030673027038574,-0.7479986548423767,0.1336531937122345,-0.7030673027038574,-0.663029134273529,-0.686681866645813,-0.6990816593170166,-0.686681866645813,-0.663029134273529,-0.7030673027038574
-0.8078284,-0.7045183181762695,-0.5669969916343689,-0.678234875202179,0.1548430174589157,-0.426026314496994,-0.44434770941734314,-0.04965989291667938,0.0170629620552063,0.23266571760177612,-0.6631442904472351,-0.6869648694992065,-0.7032339572906494,-0.7479563355445862,0.13483989238739014,-0.7032339572906494,-0.6631442904472351,-0.6869648694992065,-0.7045183181762695,-0.6869648694992065,-0.6631442904472351,-0.7032339572906494
-0.8013057,-0.7031657695770264,-0.5672868490219116,-0.6784902215003967,-0.02470887266099453,-0.3508188724517822,-0.516955554485321,-0.11709180474281311,0.08954641222953796,0.25859305262565613,-0.6638481020927429,-0.6884037256240845,-0.7043555974960327,-0.7491955161094666,0.1345016062259674,-0.7043555974960327,-0.6638481020927429,-0.6884037256240845,-0.7031657695770264,-0.6884037256240845,-0.6638481020927429,-0.7043555974960327
-0.7955984,-0.7024438381195068,-0.5658435821533203,-0.6772525906562805,-0.13017533719539642,-0.07928658276796341,-0.6254925727844238,-0.1735168993473053,0.11638563126325607,0.2694593071937561,-0.6647096872329712,-0.6887979507446289,-0.7049146294593811,-0.7508061528205872,0.13465258479118347,-0.7049146294593811,-0.6647096872329712,-0.6887979507446289,-0.7024438381195068,-0.6887979507446289,-0.6647096872329712,-0.7049146294593811
-0.8021211,-0.6945340633392334,-0.562852144241333,-0.676662027835846,0.14682801067829132,-0.7170165181159973,-0.9566400647163391,-0.21035876870155334,0.09018772095441818,0.2424371987581253,-0.665436863899231,-0.6892558336257935,-0.7055115699768066,-0.7519398331642151,0.13372814655303955,-0.7055115699768066,-0.665436863899231,-0.6892558336257935,-0.6945340633392334,-0.6892558336257935,-0.665436863899231,-0.7055115699768066
-0.80456704,-0.7013231515884399,-0.5660732984542847,-0.6775301098823547,-0.26848626136779785,-0.8666731715202332,-0.43080776929855347,-0.15586158633232117,0.03775915503501892,0.22686904668807983,-0.6665720343589783,-0.6899247169494629,-0.7064945101737976,-0.752228319644928,0.1323782205581665,-0.7064945101737976,-0.6665720343589783,-0.6899247169494629,-0.7013231515884399,-0.6899247169494629,-0.6665720343589783,-0.7064945101737976
-0.80375165,-0.7050838470458984,-0.5675716400146484,-0.6787200570106506,-0.34182411432266235,-0.5517330765724182,-0.5972718596458435,-0.03873626887798309,0.02259637415409088,0.23458154499530792,-0.6670986413955688,-0.6909909248352051,-0.7073302865028381,-0.7529577612876892,0.13564470410346985,-0.7073302865028381,-0.6670986413955688,-0.6909909248352051,-0.7050838470458984,-0.6909909248352051,-0.6670986413955688,-0.7073302865028381
-0.81190515,-0.699994683265686,-0.5656619668006897,-0.6778967976570129,0.11012117564678192,-0.3982801139354706,-0.6360253691673279,-0.15025702118873596,0.09343410283327103,0.2630302906036377,-0.6665542125701904,-0.6906851530075073,-0.7068555951118469,-0.7530044913291931,0.13502386212348938,-0.7068555951118469,-0.6665542125701904,-0.6906851530075073,-0.699994683265686,-0.6906851530075073,-0.6665542125701904,-0.7068555951118469
-0.7988597,-0.7015023231506348,-0.567012369632721,-0.6776743531227112,-0.10424283146858215,-0.08540664613246918,-0.28648513555526733,-0.19365325570106506,0.12003154307603836,0.2544217109680176,-0.6677773594856262,-0.6918580532073975,-0.7080396413803101,-0.7543057799339294,0.13280853629112244,-0.7080396413803101,-0.6677773594856262,-0.6918580532073975,-0.7015023231506348,-0.6918580532073975,-0.6677773594856262,-0.7080396413803101
-0.80538243,-0.7003535032272339,-0.5653793811798096,-0.67732173204422,-0.4139609634876251,-0.7928689122200012,-0.19871462881565094,-0.160589337348938,0.04643626511096954,0.23085123300552368,-0.6684097647666931,-0.6919758319854736,-0.7083818912506104,-0.7553315758705139,0.1351352035999298,-0.7083818912506104,-0.6684097647666931,-0.6919758319854736,-0.7003535032272339,-0.6919758319854736,-0.6684097647666931,-0.7083818912506104
-0.79967517,-0.6950079202651978,-0.5645360350608826,-0.6775739789009094,-0.3197075128555298,-0.40783175826072693,-0.6108793020248413,-0.1429884433746338,0.022621765732765198,0.22108277678489685,-0.6685564517974854,-0.6923666000366211,-0.7087099552154541,-0.7552869915962219,0.1331844925880432,-0.7087099552154541,-0.6685564517974854,-0.6923666000366211,-0.6950079202651978,-0.6923666000366211,-0.6685564517974854,-0.7087099552154541
-0.8021211,-0.7052401304244995,-0.5668179392814636,-0.6778351664543152,-0.20627889037132263,-0.2632943391799927,-0.4012012481689453,-0.09125542640686035,0.012169361114501953,0.21733438968658447,-0.6684675216674805,-0.6916301250457764,-0.7082934975624084,-0.7545972466468811,0.13439887762069702,-0.7082934975624084,-0.6684675216674805,-0.6916301250457764,-0.7052401304244995,-0.6916301250457764,-0.6684675216674805,-0.7082934975624084
-0.8078284,-0.697339653968811,-0.5650362372398376,-0.6783576607704163,0.0813678726553917,-0.3496217727661133,-0.1664646714925766,-0.09820714592933655,0.009561896324157715,0.23731380701065063,-0.6676970720291138,-0.6916282176971436,-0.7079674005508423,-0.7541078925132751,0.13551035523414612,-0.7079674005508423,-0.6676970720291138,-0.6916282176971436,-0.697339653968811,-0.6916282176971436,-0.6676970720291138,-0.7079674005508423
-0.8078284,-0.7049775123596191,-0.5676796436309814,-0.678041398525238,0.30885857343673706,-0.2136041522026062,-0.5719717144966125,-0.14380234479904175,0.08072315901517868,0.244149312376976,-0.6675223708152771,-0.6912659406661987,-0.7076464891433716,-0.7535803914070129,0.13346487283706665,-0.7076464891433716,-0.6675223708152771,-0.6912659406661987,-0.7049775123596191,-0.6912659406661987,-0.6675223708152771,-0.7076464891433716
-0.8078284,-0.7020127773284912,-0.5668923258781433,-0.6782217621803284,-0.16833525896072388,-0.5664186477661133,-0.2684418559074402,-0.11951819062232971,0.08355855941772461,0.26479092240333557,-0.6681845784187317,-0.6923055648803711,-0.7084974646568298,-0.754877507686615,0.13524112105369568,-0.7084974646568298,-0.6681845784187317,-0.6923055648803711,-0.7020127773284912,-0.6923055648803711,-0.6681845784187317,-0.7084974646568298
-0.8127206,-0.699086606502533,-0.5658538341522217,-0.6774870753288269,-0.062160592526197433,-0.7611144185066223,-0.3298207223415375,-0.1977044641971588,0.12590572237968445,0.260724276304245,-0.6685839891433716,-0.6925898790359497,-0.7087864875793457,-0.7555997967720032,0.13372907042503357,-0.7087864875793457,-0.6685839891433716,-0.6925898790359497,-0.699086606502533,-0.6925898790359497,-0.6685839891433716,-0.7087864875793457
-0.8061979,-0.7020835280418396,-0.567324161529541,-0.6778226494789124,-0.5938658714294434,-0.46166136860847473,-1.110422134399414,-0.1888142228126526,0.110829658806324,0.2515661418437958,-0.6700137257575989,-0.693941593170166,-0.71019446849823,-0.7570446133613586,0.13320297002792358,-0.71019446849823,-0.6700137257575989,-0.693941593170166,-0.7020835280418396,-0.693941593170166,-0.6700137257575989,-0.71019446849823
-0.79967517,-0.7008500695228577,-0.5664362907409668,-0.6777847409248352,0.14366184175014496,-0.7823653817176819,-0.4053833484649658,-0.15274134278297424,0.05253046751022339,0.2371271848678589,-0.6705136895179749,-0.6942663192749023,-0.7105993032455444,-0.7578520178794861,0.13486140966415405,-0.7105993032455444,-0.6705136895179749,-0.6942663192749023,-0.7008500695228577,-0.6942663192749023,-0.6705136895179749,-0.7105993032455444
-0.81190515,-0.6948256492614746,-0.5641014575958252,-0.6773127913475037,-0.4150633215904236,-0.49739792943000793,-0.29422691464424133,-0.15662816166877747,0.013065509498119354,0.21126383543014526,-0.6698024272918701,-0.6932816505432129,-0.7097539901733398,-0.7570069432258606,0.1342255175113678,-0.7097539901733398,-0.6698024272918701,-0.6932816505432129,-0.6948256492614746,-0.6932816505432129,-0.6698024272918701,-0.7097539901733398
-0.8192433,-0.704107403755188,-0.5675758123397827,-0.6783176064491272,-0.416054368019104,-0.34237733483314514,-0.941676139831543,-0.1025124192237854,0.012367680668830872,0.2202819287776947,-0.6701459288597107,-0.6937569379806519,-0.710239052772522,-0.756544291973114,0.13292473554611206,-0.710239052772522,-0.6701459288597107,-0.6937569379806519,-0.704107403755188,-0.6937569379806519,-0.6701459288597107,-0.710239052772522
-0.8127206,-0.7082234025001526,-0.5693545937538147,-0.6790240406990051,-0.0813920646905899,-0.22051477432250977,-0.467021644115448,-0.05821061134338379,0.05890592187643051,0.24448919296264648,-0.6708918809890747,-0.6951940059661865,-0.7113394141197205,-0.7577727437019348,0.135495126247406,-0.7113394141197205,-0.6708918809890747,-0.6951940059661865,-0.7082234025001526,-0.6951940059661865,-0.6708918809890747,-0.7113394141197205
-0.80864376,-0.7006916999816895,-0.565339207649231,-0.6774901747703552,0.4981822967529297,-0.35653412342071533,-0.7080597877502441,-0.1613239347934723,0.10671135038137436,0.26665061712265015,-0.6708645820617676,-0.6953341960906982,-0.711270809173584,-0.7589899897575378,0.13528460264205933,-0.711270809173584,-0.6708645820617676,-0.6953341960906982,-0.7006916999816895,-0.6953341960906982,-0.6708645820617676,-0.711270809173584
-0.80049026,-0.6934627294540405,-0.5644282102584839,-0.6764906048774719,0.08769461512565613,-1.101851224899292,-0.4929252862930298,-0.21531817317008972,0.0951637253165245,0.24337783455848694,-0.6717039346694946,-0.6953766345977783,-0.7116656303405762,-0.7597301602363586,0.13220766186714172,-0.7116656303405762,-0.6717039346694946,-0.6953766345977783,-0.6934627294540405,-0.6953766345977783,-0.6717039346694946,-0.7116656303405762
-0.8135357,-0.6989908218383789,-0.565316379070282,-0.6774082779884338,0.01852504350244999,-0.8648818135261536,-0.2825625538825989,-0.1333290934562683,-0.00212918221950531,0.20748986303806305,-0.6720904111862183,-0.6950924396514893,-0.7118051052093506,-0.7593963742256165,0.13386088609695435,-0.7118051052093506,-0.6720904111862183,-0.6950924396514893,-0.6989908218383789,-0.6950924396514893,-0.6720904111862183,-0.7118051052093506
-0.8135357,-0.7027689218521118,-0.5674232244491577,-0.6789000630378723,-0.52516108751297,-0.36429211497306824,-0.40234464406967163,-0.06851840019226074,-0.006112441420555115,0.21800783276557922,-0.6716823577880859,-0.695443868637085,-0.7118991613388062,-0.7584078907966614,0.13424810767173767,-0.7118991613388062,-0.6716823577880859,-0.695443868637085,-0.7027689218521118,-0.695443868637085,-0.6716823577880859,-0.7118991613388062
-0.8127206,-0.7071998119354248,-0.5687611103057861,-0.6787155270576477,0.08936037868261337,-0.3163240849971771,-0.7831897139549255,-0.057237833738327026,0.04247323423624039,0.2413620799779892,-0.6710140705108643,-0.6949975490570068,-0.711277961730957,-0.7579908967018127,0.13570332527160645,-0.711277961730957,-0.6710140705108643,-0.6949975490570068,-0.7071998119354248,-0.6949975490570068,-0.6710140705108643,-0.711277961730957
-0.8159819,-0.6992236375808716,-0.5654166340827942,-0.6777437329292297,0.0680321678519249,-0.9076831936836243,-0.7341193556785583,-0.16023337841033936,0.09825517237186432,0.2573571801185608,-0.6707842946052551,-0.6951892375946045,-0.7111921310424805,-0.758678138256073,0.13485386967658997,-0.7111921310424805,-0.6707842946052551,-0.6951892375946045,-0.6992236375808716,-0.6951892375946045,-0.6707842946052551,-0.7111921310424805
-0.8135357,-0.6999877691268921,-0.566990852355957,-0.6772885918617249,-0.17497901618480682,-0.4947030246257782,-0.43284428119659424,-0.19858643412590027,0.11310671269893646,0.2523863911628723,-0.6720220446586609,-0.695865273475647,-0.71210777759552,-0.7597158551216125,0.13219407200813293,-0.71210777759552,-0.6720220446586609,-0.695865273475647,-0.6999877691268921,-0.695865273475647,-0.6720220446586609,-0.71210777759552
-0.81761247,-0.7017240524291992,-0.5674136281013489,-0.678063690662384,-0.08377599716186523,-0.2233319878578186,-0.5554121136665344,-0.13648799061775208,0.057133764028549194,0.24517939984798431,-0.6732867956161499,-0.697135329246521,-0.7134240865707397,-0.7612292170524597,0.1345137357711792,-0.7134240865707397,-0.6732867956161499,-0.697135329246521,-0.7017240524291992,-0.697135329246521,-0.6732867956161499,-0.7134240865707397
-0.81761247,-0.7000794410705566,-0.567328691482544,-0.6780988574028015,0.35543015599250793,-0.5279558300971985,-0.3075432777404785,-0.16919586062431335,0.08114483207464218,0.24685679376125336,-0.6735941171646118,-0.6976363658905029,-0.7138363122940063,-0.7616429924964905,0.13381901383399963,-0.7138363122940063,-0.6735941171646118,-0.6976363658905029,-0.7000794410705566,-0.6976363658905029,-0.6735941171646118,-0.7138363122940063
-0.81761247,-0.7032604217529297,-0.5680584907531738,-0.6780751347541809,-0.5467283725738525,0.013088257983326912,-0.6746749877929688,-0.15785345435142517,0.0932401716709137,0.2502234876155853,-0.6741378307342529,-0.6980386972427368,-0.7142918109893799,-0.7622448801994324,0.13399356603622437,-0.7142918109893799,-0.6741378307342529,-0.6980386972427368,-0.7032604217529297,-0.6980386972427368,-0.6741378307342529,-0.7142918109893799
-0.8127206,-0.6996631622314453,-0.567156195640564,-0.6780489087104797,-0.10159265995025635,-0.5587948560714722,-0.6066194176673889,-0.168300062417984,0.08601920306682587,0.25530722737312317,-0.674522340297699,-0.6985855102539062,-0.7147601842880249,-0.7629542946815491,0.13432225584983826,-0.7147601842880249,-0.674522340297699,-0.6985855102539062,-0.6996631622314453,-0.6985855102539062,-0.674522340297699,-0.7147601842880249
-0.8151665,-0.6996732950210571,-0.5667235851287842,-0.677653968334198,0.1223175898194313,-0.3710058331489563,-0.9332335591316223,-0.1798577606678009,0.04479232430458069,0.2215575873851776,-0.6744574308395386,-0.6981228590011597,-0.7144713401794434,-0.7627959847450256,0.1339019536972046,-0.7144713401794434,-0.6744574308395386,-0.6981228590011597,-0.6996732950210571,-0.6981228590011597,-0.6744574308395386,-0.7144713401794434
-0.8192433,-0.6998401284217834,-0.5671119689941406,-0.6781290173530579,-0.2673766016960144,-0.25223660469055176,-0.6661975979804993,-0.10020557045936584,-0.005404368042945862,0.21213912963867188,-0.6745327711105347,-0.6982730627059937,-0.7146342396736145,-0.7626162171363831,0.13383814692497253,-0.7146342396736145,-0.6745327711105347,-0.6982730627059937,-0.6998401284217834,-0.6982730627059937,-0.6745327711105347,-0.7146342396736145
-0.81842786,-0.7045392990112305,-0.5686199069023132,-0.678533136844635,-0.3420996069908142,-0.44969770312309265,-0.4817619323730469,-0.07096099853515625,0.03272504359483719,0.23758085072040558,-0.674615204334259,-0.6985026597976685,-0.714805006980896,-0.7625536322593689,0.1342391073703766,-0.714805006980896,-0.674615204334259,-0.6985026597976685,-0.7045392990112305,-0.6985026597976685,-0.674615204334259,-0.714805006980896
-0.816797,-0.7014815807342529,-0.5676194429397583,-0.6782863736152649,-0.10608689486980438,-0.22578810155391693,-0.6083895564079285,-0.12131571769714355,0.0777125135064125,0.26677942276000977,-0.6745429635047913,-0.6986861228942871,-0.7148329615592957,-0.7629383206367493,0.13494053483009338,-0.7148329615592957,-0.6745429635047913,-0.6986861228942871,-0.7014815807342529,-0.6986861228942871,-0.6745429635047913,-0.7148329615592957
-0.82331973,-0.6989147663116455,-0.5667797327041626,-0.6776683926582336,-0.23177726566791534,-0.15233418345451355,-0.4307544529438019,-0.19976559281349182,0.10271140187978745,0.24825134873390198,-0.6746309399604797,-0.6985819339752197,-0.71478271484375,-0.7631769776344299,0.13370636105537415,-0.71478271484375,-0.6746309399604797,-0.6985819339752197,-0.6989147663116455,-0.6985819339752197,-0.6746309399604797,-0.71478271484375
-0.8282119,-0.7025445103645325,-0.5682899355888367,-0.67815762758255,-0.3278292417526245,-0.2708624303340912,-0.5132940411567688,-0.1683402955532074,0.08125244081020355,0.24501150846481323,-0.6757049560546875,-0.6997042894363403,-0.7159145474433899,-0.7641335129737854,0.13315033912658691,-0.571472704410553,-0.6757049560546875,-0.6997042894363403,-0.7025445103645325,-0.6997042894363403,-0.6757049560546875,-0.7159145474433899
-0.8322887,-0.7051053643226624,-0.5690673589706421,-0.6785420775413513,0.2962706685066223,-0.06592850387096405,-0.417680561542511,-0.12293311953544617,0.08830434083938599,0.25093674659729004,-0.6768705248832703,-0.7011700868606567,-0.7172361612319946,-0.7656803727149963,0.1342422068119049,-0.3067834973335266,-0.6768705248832703,-0.7011700868606567,-0.7051053643226624,-0.7011700868606567,-0.6768705248832703,-0.7172361612319946
-0.8249506,-0.7024906277656555,-0.5679638385772705,-0.6781321167945862,-0.39495182037353516,0.041182741522789,-0.6882688403129578,-0.16858157515525818,0.12145949900150299,0.26844048500061035,-0.6780749559402466,-0.7026865482330322,-0.7185524702072144,-0.7676699757575989,0.13393232226371765,-0.7185524702072144,-0.6780749559402466,-0.7026865482330322,-0.7024906277656555,-0.7026865482330322,-0.6780749559402466,-0.7185524702072144
-0.83718055,-0.6987848281860352,-0.566836953163147,-0.6772648692131042,-0.25813284516334534,-0.6258503198623657,-0.16514773666858673,-0.198198139667511,0.1040312647819519,0.2587769329547882,-0.6791447401046753,-0.7032194137573242,-0.7192851901054382,-0.7691994309425354,0.1335057020187378,-0.7192851901054382,-0.6791447401046753,-0.7032194137573242,-0.6987848281860352,-0.7032194137573242,-0.6791447401046753,-0.7192851901054382
-0.837996,-0.7004501819610596,-0.5682367086410522,-0.6780722737312317,-0.44066229462623596,-0.496053546667099,-0.4906896948814392,-0.18143320083618164,0.07651285082101822,0.2418881505727768,-0.6810945272445679,-0.7053879499435425,-0.7214137315750122,-0.7710654139518738,0.1320990025997162,-0.7214137315750122,-0.6810945272445679,-0.7053879499435425,-0.7004501819610596,-0.7053879499435425,-0.6810945272445679,-0.7214137315750122
-0.84696466,-0.7075073719024658,-0.5698233246803284,-0.6785182356834412,-0.17136605083942413,-0.3498819172382355,-0.5286676287651062,-0.11303189396858215,0.07663699984550476,0.24468423426151276,-0.6826282739639282,-0.7068935632705688,-0.7229419946670532,-0.7729204297065735,0.1341261863708496,-0.7229419946670532,-0.6826282739639282,-0.7068935632705688,-0.7075073719024658,-0.7068935632705688,-0.6826282739639282,-0.7229419946670532
-0.8461495,-0.702168881893158,-0.5676259398460388,-0.6784091591835022,-0.2420479655265808,-0.1832806020975113,-0.3764626979827881,-0.1588086187839508,0.10752280056476593,0.26114270091056824,-0.6840705275535583,-0.7091159820556641,-0.7247596979141235,-0.7753764986991882,0.13384437561035156,-0.7247596979141235,-0.6840705275535583,-0.7091159820556641,-0.702168881893158,-0.7091159820556641,-0.6840705275535583,-0.7247596979141235
-0.8428882,-0.7025558948516846,-0.5682986974716187,-0.6775718331336975,-0.3222562372684479,-0.46404603123664856,-0.21679876744747162,-0.185194194316864,0.11194885522127151,0.26152467727661133,-0.6858983635902405,-0.7104722261428833,-0.726304292678833,-0.7777474522590637,0.13249489665031433,-0.726304292678833,-0.6858983635902405,-0.7104722261428833,-0.7025558948516846,-0.7104722261428833,-0.6858983635902405,-0.726304292678833
-0.85511816,-0.6982543468475342,-0.5672034025192261,-0.6777284741401672,-0.7568325996398926,-0.31040820479393005,-0.478767454624176,-0.19477495551109314,0.10623962432146072,0.261016309261322,-0.6875724196434021,-0.7122310400009155,-0.728102445602417,-0.7801622748374939,0.13343751430511475,-0.728102445602417,-0.6875724196434021,-0.7122310400009155,-0.6982543468475342,-0.7122310400009155,-0.6875724196434021,-0.728102445602417
-0.8657176,-0.7030631303787231,-0.5692402124404907,-0.6783247590065002,-0.2697044312953949,-0.3992144763469696,-0.44074738025665283,-0.1830292046070099,0.08762545883655548,0.2468421906232834,-0.6894528269767761,-0.7141077518463135,-0.7300167679786682,-0.7818008065223694,0.13166996836662292,-0.7300167679786682,-0.6894528269767761,-0.7141077518463135,-0.7030631303787231,-0.7141077518463135,-0.6894528269767761,-0.7300167679786682
-0.8755017,-0.7083796262741089,-0.569884181022644,-0.6791035532951355,0.0949237048625946,-0.5415164828300476,-0.7024515271186829,-0.11266955733299255,0.09503693878650665,0.2519501745700836,-0.6916090250015259,-0.7171553373336792,-0.7327855825424194,-0.784943163394928,0.13375699520111084,-0.6693562865257263,-0.6916090250015259,-0.7171553373336792,-0.7083796262741089,-0.7171553373336792,-0.6916090250015259,-0.7327855825424194
